15000019,'1497501',1620,,223,8,,,0
15000019,'1497502',1105,,224,8,,,0
15000019,'1497503',1020,,225,8,,,0
15000019,'1497504',1235,,226,8,,,0
15000019,'1497505',935,,227,8,,,0
15000019,'1497506',1450,,228,8,,,0
15000019,'1497507',1705,,229,8,,,0
15000019,'1497508',1405,,230,8,,,0
15000019,'1497509',1150,,231,8,,,0
15000019,'1497510',1750,,232,8,,,0
15000019,'1497511',850,,233,8,,,0
15000019,'1497512',635,,234,8,,,0
15000019,'1497513',805,,235,8,,,0
15000019,'1497514',1320,,236,8,,,0
15000019,'1497515',1535,,237,8,,,0
15000019,'1497516',720,,238,8,,,0
15000019,'1497517',1020,,239,8,,,0
15000019,'1497518',1320,,240,8,,,0
15000019,'1497519',635,,241,8,,,0
15000019,'1497520',1450,,242,8,,,0
15000019,'1497521',2135,,243,8,,,0
15000019,'1497522',1920,,244,8,,,0
15000019,'1497523',2050,,245,8,,,0
15000019,'1497524',2305,,246,8,,,0
15000019,'1497525',805,,247,8,,,0
15000019,'1497526',1835,,248,8,,,0
15000019,'1497527',720,,249,8,,,0
15000019,'1497528',2220,,250,8,,,0
15000019,'1497529',935,,251,8,,,0
15000019,'1497530',1405,,252,8,,,0
15000019,'1497531',1620,,253,8,,,0
15000019,'1497532',1535,,254,8,,,0
15000019,'1497533',1750,,255,8,,,0
15000019,'1497534',1705,,256,8,,,0
15000019,'1497535',850,,257,8,,,0
15000019,'1497536',2005,,258,8,,,0
15000019,'1497537',1105,,259,8,,,0
15000019,'1497538',1150,,260,8,,,0
15000019,'1497539',1235,,261,8,,,0
15000019,'1497540',1151,,262,8,,,0
15000019,'1497544',1406,,263,8,,,0
15000019,'1497545',1706,,264,8,,,0
15000019,'1497548',1236,,265,8,,,0
15000019,'1497555',2006,,266,8,,,0
15000019,'1497556',1235,,267,8,,,0
15000019,'1497557',1020,,268,8,,,0
15000019,'1497559',805,,269,8,,,0
15000019,'1497560',1921,,270,8,,,0
15000019,'1497561',1705,,271,8,,,0
15000019,'1497562',636,,272,8,,,0
15000019,'1497563',1150,,273,8,,,0
15000019,'1497564',1450,,274,8,,,0
15000019,'1497566',1320,,275,8,,,0
15000019,'1497569',1836,,276,8,,,0
15000019,'1497573',721,,277,8,,,0
15000019,'1497575',1451,,278,8,,,0
15000019,'1497581',1750,,279,8,,,0
15000019,'1497582',850,,280,8,,,0
15000019,'1497585',1405,,281,8,,,0
15000019,'1497587',720,,282,8,,,0
15000019,'1497588',1106,,283,8,,,0
15000019,'1497589',1535,,284,8,,,0
15000019,'1497590',851,,285,8,,,0
15000019,'1497596',1536,,286,8,,,0
15000019,'1497598',806,,287,8,,,0
15000019,'1497599',1835,,288,8,,,0
15000019,'1497600',1321,,289,8,,,0
15000019,'1497601',1105,,290,8,,,0
15000019,'1497602',936,,291,8,,,0
15000019,'1497603',935,,292,8,,,0
15000019,'1497604',1021,,293,8,,,0
15000019,'1497605',1751,,294,8,,,0
15000019,'1497606',1621,,295,8,,,0
15000019,'1497607',1620,,296,8,,,0
