2000019,'1497450',1030,,149,16,,,0
2000019,'1497451',945,,150,16,,,0
2000019,'1497452',646,,151,16,,,0
2000019,'1497453',1545,,152,16,,,0
2000019,'1497454',1630,,153,16,,,0
2000019,'1497455',1115,,154,16,,,0
2000019,'1497456',730,,155,16,,,0
2000019,'1497457',900,,156,16,,,0
2000019,'1497458',1715,,157,16,,,0
2000019,'1497459',1200,,158,16,,,0
2000019,'1497460',1500,,159,16,,,0
2000019,'1497461',1330,,160,16,,,0
2000019,'1497462',1415,,161,16,,,0
2000019,'1497463',1800,,162,16,,,0
2000019,'1497464',815,,163,16,,,0
2000019,'1497465',1245,,164,16,,,0
2000019,'1497466',1115,,165,16,,,0
2000019,'1497467',2146,,166,16,,,0
2000019,'1497468',1415,,167,16,,,0
2000019,'1497469',1245,,168,16,,,0
2000019,'1497470',900,,169,16,,,0
2000019,'1497471',1715,,170,16,,,0
2000019,'1497472',2316,,171,16,,,0
2000019,'1497473',1330,,172,16,,,0
2000019,'1497474',1500,,173,16,,,0
2000019,'1497475',945,,174,16,,,0
2000019,'1497476',730,,175,16,,,0
2000019,'1497477',1843,,176,16,,,0
2000019,'1497478',1200,,177,16,,,0
2000019,'1497479',1630,,178,16,,,0
2000019,'1497480',1030,,179,16,,,0
2000019,'1497481',1545,,180,16,,,0
2000019,'1497482',2015,,181,16,,,0
2000019,'1497483',2231,,182,16,,,0
2000019,'1497484',646,,183,16,,,0
2000019,'1497485',1800,,184,16,,,0
2000019,'1497486',1928,,185,16,,,0
2000019,'1497487',2100,,186,16,,,0
2000019,'1497488',815,,187,16,,,0
2000019,'1497541',1330,,188,16,,,0
2000019,'1497542',729,,189,16,,,0
2000019,'1497543',859,,190,16,,,0
2000019,'1497546',1544,,191,16,,,0
2000019,'1497547',944,,192,16,,,0
2000019,'1497549',1159,,193,16,,,0
2000019,'1497550',644,,194,16,,,0
2000019,'1497551',1800,,195,16,,,0
2000019,'1497552',1415,,196,16,,,0
2000019,'1497553',815,,197,16,,,0
2000019,'1497554',1245,,198,16,,,0
2000019,'1497558',1200,,199,16,,,0
2000019,'1497565',1759,,200,16,,,0
2000019,'1497567',1629,,201,16,,,0
2000019,'1497568',1844,,202,16,,,0
2000019,'1497570',1500,,203,16,,,0
2000019,'1497571',1845,,204,16,,,0
2000019,'1497572',730,,205,16,,,0
2000019,'1497574',1929,,206,16,,,0
2000019,'1497576',1459,,207,16,,,0
2000019,'1497577',1244,,208,16,,,0
2000019,'1497578',1030,,209,16,,,0
2000019,'1497579',1545,,210,16,,,0
2000019,'1497580',900,,211,16,,,0
2000019,'1497583',1414,,212,16,,,0
2000019,'1497584',1115,,213,16,,,0
2000019,'1497586',1114,,214,16,,,0
2000019,'1497591',2014,,215,16,,,0
2000019,'1497592',1329,,216,16,,,0
2000019,'1497593',1715,,217,16,,,0
2000019,'1497594',1630,,218,16,,,0
2000019,'1497595',1029,,219,16,,,0
2000019,'1497597',945,,220,16,,,0
2000019,'1497608',1714,,221,16,,,0
2000019,'1497609',814,,222,16,,,0
