2000019,'1497450',1022,,149,9,,,0
2000019,'1497451',937,,150,9,,,0
2000019,'1497452',638,,151,9,,,0
2000019,'1497453',1537,,152,9,,,0
2000019,'1497454',1622,,153,9,,,0
2000019,'1497455',1107,,154,9,,,0
2000019,'1497456',722,,155,9,,,0
2000019,'1497457',852,,156,9,,,0
2000019,'1497458',1707,,157,9,,,0
2000019,'1497459',1152,,158,9,,,0
2000019,'1497460',1452,,159,9,,,0
2000019,'1497461',1322,,160,9,,,0
2000019,'1497462',1407,,161,9,,,0
2000019,'1497463',1752,,162,9,,,0
2000019,'1497464',807,,163,9,,,0
2000019,'1497465',1237,,164,9,,,0
2000019,'1497466',1107,,165,9,,,0
2000019,'1497467',2138,,166,9,,,0
2000019,'1497468',1407,,167,9,,,0
2000019,'1497469',1237,,168,9,,,0
2000019,'1497470',852,,169,9,,,0
2000019,'1497471',1707,,170,9,,,0
2000019,'1497472',2308,,171,9,,,0
2000019,'1497473',1322,,172,9,,,0
2000019,'1497474',1452,,173,9,,,0
2000019,'1497475',937,,174,9,,,0
2000019,'1497476',722,,175,9,,,0
2000019,'1497477',1836,,176,9,,,0
2000019,'1497478',1152,,177,9,,,0
2000019,'1497479',1622,,178,9,,,0
2000019,'1497480',1022,,179,9,,,0
2000019,'1497481',1537,,180,9,,,0
2000019,'1497482',2007,,181,9,,,0
2000019,'1497483',2223,,182,9,,,0
2000019,'1497484',638,,183,9,,,0
2000019,'1497485',1752,,184,9,,,0
2000019,'1497486',1921,,185,9,,,0
2000019,'1497487',2052,,186,9,,,0
2000019,'1497488',807,,187,9,,,0
2000019,'1497541',1323,,188,9,,,0
2000019,'1497542',722,,189,9,,,0
2000019,'1497543',852,,190,9,,,0
2000019,'1497546',1537,,191,9,,,0
2000019,'1497547',937,,192,9,,,0
2000019,'1497549',1152,,193,9,,,0
2000019,'1497550',637,,194,9,,,0
2000019,'1497551',1753,,195,9,,,0
2000019,'1497552',1408,,196,9,,,0
2000019,'1497553',808,,197,9,,,0
2000019,'1497554',1238,,198,9,,,0
2000019,'1497558',1153,,199,9,,,0
2000019,'1497565',1752,,200,9,,,0
2000019,'1497567',1622,,201,9,,,0
2000019,'1497568',1837,,202,9,,,0
2000019,'1497570',1453,,203,9,,,0
2000019,'1497571',1838,,204,9,,,0
2000019,'1497572',723,,205,9,,,0
2000019,'1497574',1922,,206,9,,,0
2000019,'1497576',1452,,207,9,,,0
2000019,'1497577',1237,,208,9,,,0
2000019,'1497578',1023,,209,9,,,0
2000019,'1497579',1538,,210,9,,,0
2000019,'1497580',853,,211,9,,,0
2000019,'1497583',1407,,212,9,,,0
2000019,'1497584',1108,,213,9,,,0
2000019,'1497586',1107,,214,9,,,0
2000019,'1497591',2007,,215,9,,,0
2000019,'1497592',1322,,216,9,,,0
2000019,'1497593',1708,,217,9,,,0
2000019,'1497594',1623,,218,9,,,0
2000019,'1497595',1022,,219,9,,,0
2000019,'1497597',938,,220,9,,,0
2000019,'1497608',1707,,221,9,,,0
2000019,'1497609',807,,222,9,,,0
