2000019,'1497450',1020,,149,6,,,0
2000019,'1497451',935,,150,6,,,0
2000019,'1497452',636,,151,6,,,0
2000019,'1497453',1535,,152,6,,,0
2000019,'1497454',1620,,153,6,,,0
2000019,'1497455',1105,,154,6,,,0
2000019,'1497456',720,,155,6,,,0
2000019,'1497457',850,,156,6,,,0
2000019,'1497458',1705,,157,6,,,0
2000019,'1497459',1150,,158,6,,,0
2000019,'1497460',1450,,159,6,,,0
2000019,'1497461',1320,,160,6,,,0
2000019,'1497462',1405,,161,6,,,0
2000019,'1497463',1750,,162,6,,,0
2000019,'1497464',805,,163,6,,,0
2000019,'1497465',1235,,164,6,,,0
2000019,'1497466',1105,,165,6,,,0
2000019,'1497467',2136,,166,6,,,0
2000019,'1497468',1405,,167,6,,,0
2000019,'1497469',1235,,168,6,,,0
2000019,'1497470',850,,169,6,,,0
2000019,'1497471',1705,,170,6,,,0
2000019,'1497472',2306,,171,6,,,0
2000019,'1497473',1320,,172,6,,,0
2000019,'1497474',1450,,173,6,,,0
2000019,'1497475',935,,174,6,,,0
2000019,'1497476',720,,175,6,,,0
2000019,'1497477',1835,,176,6,,,0
2000019,'1497478',1150,,177,6,,,0
2000019,'1497479',1620,,178,6,,,0
2000019,'1497480',1020,,179,6,,,0
2000019,'1497481',1535,,180,6,,,0
2000019,'1497482',2005,,181,6,,,0
2000019,'1497483',2221,,182,6,,,0
2000019,'1497484',636,,183,6,,,0
2000019,'1497485',1750,,184,6,,,0
2000019,'1497486',1920,,185,6,,,0
2000019,'1497487',2050,,186,6,,,0
2000019,'1497488',805,,187,6,,,0
2000019,'1497541',1321,,188,6,,,0
2000019,'1497542',721,,189,6,,,0
2000019,'1497543',851,,190,6,,,0
2000019,'1497546',1536,,191,6,,,0
2000019,'1497547',936,,192,6,,,0
2000019,'1497549',1151,,193,6,,,0
2000019,'1497550',636,,194,6,,,0
2000019,'1497551',1751,,195,6,,,0
2000019,'1497552',1406,,196,6,,,0
2000019,'1497553',806,,197,6,,,0
2000019,'1497554',1236,,198,6,,,0
2000019,'1497558',1151,,199,6,,,0
2000019,'1497565',1751,,200,6,,,0
2000019,'1497567',1621,,201,6,,,0
2000019,'1497568',1836,,202,6,,,0
2000019,'1497570',1451,,203,6,,,0
2000019,'1497571',1836,,204,6,,,0
2000019,'1497572',721,,205,6,,,0
2000019,'1497574',1921,,206,6,,,0
2000019,'1497576',1451,,207,6,,,0
2000019,'1497577',1236,,208,6,,,0
2000019,'1497578',1021,,209,6,,,0
2000019,'1497579',1536,,210,6,,,0
2000019,'1497580',851,,211,6,,,0
2000019,'1497583',1406,,212,6,,,0
2000019,'1497584',1106,,213,6,,,0
2000019,'1497586',1106,,214,6,,,0
2000019,'1497591',2006,,215,6,,,0
2000019,'1497592',1321,,216,6,,,0
2000019,'1497593',1706,,217,6,,,0
2000019,'1497594',1621,,218,6,,,0
2000019,'1497595',1021,,219,6,,,0
2000019,'1497597',936,,220,6,,,0
2000019,'1497608',1706,,221,6,,,0
2000019,'1497609',806,,222,6,,,0
