15000019,'1497501',1634,,223,20,,,0
15000019,'1497502',1119,,224,20,,,0
15000019,'1497503',1034,,225,20,,,0
15000019,'1497504',1249,,226,20,,,0
15000019,'1497505',949,,227,20,,,0
15000019,'1497506',1504,,228,20,,,0
15000019,'1497507',1719,,229,20,,,0
15000019,'1497508',1419,,230,20,,,0
15000019,'1497509',1204,,231,20,,,0
15000019,'1497510',1804,,232,20,,,0
15000019,'1497511',904,,233,20,,,0
15000019,'1497512',649,,234,20,,,0
15000019,'1497513',819,,235,20,,,0
15000019,'1497514',1334,,236,20,,,0
15000019,'1497515',1549,,237,20,,,0
15000019,'1497516',734,,238,20,,,0
15000019,'1497517',1033,,239,20,,,0
15000019,'1497518',1333,,240,20,,,0
15000019,'1497519',648,,241,20,,,0
15000019,'1497520',1503,,242,20,,,0
15000019,'1497521',2148,,243,20,,,0
15000019,'1497522',1933,,244,20,,,0
15000019,'1497523',2103,,245,20,,,0
15000019,'1497524',2318,,246,20,,,0
15000019,'1497525',818,,247,20,,,0
15000019,'1497526',1848,,248,20,,,0
15000019,'1497527',733,,249,20,,,0
15000019,'1497528',2233,,250,20,,,0
15000019,'1497529',948,,251,20,,,0
15000019,'1497530',1418,,252,20,,,0
15000019,'1497531',1633,,253,20,,,0
15000019,'1497532',1548,,254,20,,,0
15000019,'1497533',1803,,255,20,,,0
15000019,'1497534',1718,,256,20,,,0
15000019,'1497535',903,,257,20,,,0
15000019,'1497536',2018,,258,20,,,0
15000019,'1497537',1118,,259,20,,,0
15000019,'1497538',1203,,260,20,,,0
15000019,'1497539',1248,,261,20,,,0
15000019,'1497540',1205,,262,20,,,0
15000019,'1497544',1420,,263,20,,,0
15000019,'1497545',1720,,264,20,,,0
15000019,'1497548',1250,,265,20,,,0
15000019,'1497555',2020,,266,20,,,0
15000019,'1497556',1250,,267,20,,,0
15000019,'1497557',1035,,268,20,,,0
15000019,'1497559',820,,269,20,,,0
15000019,'1497560',1935,,270,20,,,0
15000019,'1497561',1720,,271,20,,,0
15000019,'1497562',650,,272,20,,,0
15000019,'1497563',1205,,273,20,,,0
15000019,'1497564',1505,,274,20,,,0
15000019,'1497566',1335,,275,20,,,0
15000019,'1497569',1850,,276,20,,,0
15000019,'1497573',735,,277,20,,,0
15000019,'1497575',1505,,278,20,,,0
15000019,'1497581',1805,,279,20,,,0
15000019,'1497582',905,,280,20,,,0
15000019,'1497585',1420,,281,20,,,0
15000019,'1497587',735,,282,20,,,0
15000019,'1497588',1120,,283,20,,,0
15000019,'1497589',1550,,284,20,,,0
15000019,'1497590',905,,285,20,,,0
15000019,'1497596',1550,,286,20,,,0
15000019,'1497598',820,,287,20,,,0
15000019,'1497599',1850,,288,20,,,0
15000019,'1497600',1335,,289,20,,,0
15000019,'1497601',1120,,290,20,,,0
15000019,'1497602',950,,291,20,,,0
15000019,'1497603',950,,292,20,,,0
15000019,'1497604',1035,,293,20,,,0
15000019,'1497605',1805,,294,20,,,0
15000019,'1497606',1635,,295,20,,,0
15000019,'1497607',1635,,296,20,,,0
