2000019,'1497450',1034,,149,21,,,0
2000019,'1497451',949,,150,21,,,0
2000019,'1497452',654,,151,21,,,0
2000019,'1497453',1549,,152,21,,,0
2000019,'1497454',1634,,153,21,,,0
2000019,'1497455',1119,,154,21,,,0
2000019,'1497456',734,,155,21,,,0
2000019,'1497457',904,,156,21,,,0
2000019,'1497458',1719,,157,21,,,0
2000019,'1497459',1204,,158,21,,,0
2000019,'1497460',1504,,159,21,,,0
2000019,'1497461',1334,,160,21,,,0
2000019,'1497462',1419,,161,21,,,0
2000019,'1497463',1804,,162,21,,,0
2000019,'1497464',819,,163,21,,,0
2000019,'1497465',1249,,164,21,,,0
2000019,'1497466',1119,,165,21,,,0
2000019,'1497467',2154,,166,21,,,0
2000019,'1497468',1419,,167,21,,,0
2000019,'1497469',1249,,168,21,,,0
2000019,'1497470',904,,169,21,,,0
2000019,'1497471',1719,,170,21,,,0
2000019,'1497472',2324,,171,21,,,0
2000019,'1497473',1334,,172,21,,,0
2000019,'1497474',1504,,173,21,,,0
2000019,'1497475',949,,174,21,,,0
2000019,'1497476',734,,175,21,,,0
2000019,'1497477',1847,,176,21,,,0
2000019,'1497478',1204,,177,21,,,0
2000019,'1497479',1634,,178,21,,,0
2000019,'1497480',1034,,179,21,,,0
2000019,'1497481',1549,,180,21,,,0
2000019,'1497482',2019,,181,21,,,0
2000019,'1497483',2239,,182,21,,,0
2000019,'1497484',654,,183,21,,,0
2000019,'1497485',1804,,184,21,,,0
2000019,'1497486',1932,,185,21,,,0
2000019,'1497487',2109,,186,21,,,0
2000019,'1497488',819,,187,21,,,0
2000019,'1497541',1338,,188,21,,,0
2000019,'1497542',737,,189,21,,,0
2000019,'1497543',907,,190,21,,,0
2000019,'1497546',1552,,191,21,,,0
2000019,'1497547',952,,192,21,,,0
2000019,'1497549',1207,,193,21,,,0
2000019,'1497550',652,,194,21,,,0
2000019,'1497551',1808,,195,21,,,0
2000019,'1497552',1423,,196,21,,,0
2000019,'1497553',823,,197,21,,,0
2000019,'1497554',1253,,198,21,,,0
2000019,'1497558',1208,,199,21,,,0
2000019,'1497565',1807,,200,21,,,0
2000019,'1497567',1637,,201,21,,,0
2000019,'1497568',1852,,202,21,,,0
2000019,'1497570',1508,,203,21,,,0
2000019,'1497571',1853,,204,21,,,0
2000019,'1497572',738,,205,21,,,0
2000019,'1497574',1937,,206,21,,,0
2000019,'1497576',1507,,207,21,,,0
2000019,'1497577',1252,,208,21,,,0
2000019,'1497578',1038,,209,21,,,0
2000019,'1497579',1553,,210,21,,,0
2000019,'1497580',908,,211,21,,,0
2000019,'1497583',1422,,212,21,,,0
2000019,'1497584',1123,,213,21,,,0
2000019,'1497586',1122,,214,21,,,0
2000019,'1497591',2022,,215,21,,,0
2000019,'1497592',1337,,216,21,,,0
2000019,'1497593',1723,,217,21,,,0
2000019,'1497594',1638,,218,21,,,0
2000019,'1497595',1037,,219,21,,,0
2000019,'1497597',953,,220,21,,,0
2000019,'1497608',1722,,221,21,,,0
2000019,'1497609',822,,222,21,,,0
