2000019,'1497450',1049,,149,34,,,0
2000019,'1497451',1004,,150,34,,,0
2000019,'1497452',710,,151,34,,,0
2000019,'1497453',1604,,152,34,,,0
2000019,'1497454',1649,,153,34,,,0
2000019,'1497455',1134,,154,34,,,0
2000019,'1497456',749,,155,34,,,0
2000019,'1497457',919,,156,34,,,0
2000019,'1497458',1734,,157,34,,,0
2000019,'1497459',1219,,158,34,,,0
2000019,'1497460',1519,,159,34,,,0
2000019,'1497461',1349,,160,34,,,0
2000019,'1497462',1434,,161,34,,,0
2000019,'1497463',1819,,162,34,,,0
2000019,'1497464',834,,163,34,,,0
2000019,'1497465',1304,,164,34,,,0
2000019,'1497466',1134,,165,34,,,0
2000019,'1497467',2210,,166,34,,,0
2000019,'1497468',1434,,167,34,,,0
2000019,'1497469',1304,,168,34,,,0
2000019,'1497470',919,,169,34,,,0
2000019,'1497471',1734,,170,34,,,0
2000019,'1497472',2340,,171,34,,,0
2000019,'1497473',1349,,172,34,,,0
2000019,'1497474',1519,,173,34,,,0
2000019,'1497475',1004,,174,34,,,0
2000019,'1497476',749,,175,34,,,0
2000019,'1497477',1903,,176,34,,,0
2000019,'1497478',1219,,177,34,,,0
2000019,'1497479',1649,,178,34,,,0
2000019,'1497480',1049,,179,34,,,0
2000019,'1497481',1604,,180,34,,,0
2000019,'1497482',2032,,181,34,,,0
2000019,'1497483',2255,,182,34,,,0
2000019,'1497484',710,,183,34,,,0
2000019,'1497485',1819,,184,34,,,0
2000019,'1497486',1946,,185,34,,,0
2000019,'1497487',2124,,186,34,,,0
2000019,'1497488',834,,187,34,,,0
2000019,'1497541',1354,,188,34,,,0
2000019,'1497542',753,,189,34,,,0
2000019,'1497543',923,,190,34,,,0
2000019,'1497546',1608,,191,34,,,0
2000019,'1497547',1008,,192,34,,,0
2000019,'1497549',1223,,193,34,,,0
2000019,'1497550',708,,194,34,,,0
2000019,'1497551',1824,,195,34,,,0
2000019,'1497552',1439,,196,34,,,0
2000019,'1497553',839,,197,34,,,0
2000019,'1497554',1309,,198,34,,,0
2000019,'1497558',1224,,199,34,,,0
2000019,'1497565',1823,,200,34,,,0
2000019,'1497567',1653,,201,34,,,0
2000019,'1497568',1908,,202,34,,,0
2000019,'1497570',1524,,203,34,,,0
2000019,'1497571',1909,,204,34,,,0
2000019,'1497572',754,,205,34,,,0
2000019,'1497574',1953,,206,34,,,0
2000019,'1497576',1523,,207,34,,,0
2000019,'1497577',1308,,208,34,,,0
2000019,'1497578',1054,,209,34,,,0
2000019,'1497579',1609,,210,34,,,0
2000019,'1497580',924,,211,34,,,0
2000019,'1497583',1438,,212,34,,,0
2000019,'1497584',1139,,213,34,,,0
2000019,'1497586',1138,,214,34,,,0
2000019,'1497591',2038,,215,34,,,0
2000019,'1497592',1353,,216,34,,,0
2000019,'1497593',1739,,217,34,,,0
2000019,'1497594',1654,,218,34,,,0
2000019,'1497595',1053,,219,34,,,0
2000019,'1497597',1009,,220,34,,,0
2000019,'1497608',1738,,221,34,,,0
2000019,'1497609',838,,222,34,,,0
