15000019,'1497501',1645,,223,29,,,0
15000019,'1497502',1130,,224,29,,,0
15000019,'1497503',1045,,225,29,,,0
15000019,'1497504',1300,,226,29,,,0
15000019,'1497505',1000,,227,29,,,0
15000019,'1497506',1515,,228,29,,,0
15000019,'1497507',1730,,229,29,,,0
15000019,'1497508',1430,,230,29,,,0
15000019,'1497509',1215,,231,29,,,0
15000019,'1497510',1815,,232,29,,,0
15000019,'1497511',915,,233,29,,,0
15000019,'1497512',700,,234,29,,,0
15000019,'1497513',830,,235,29,,,0
15000019,'1497514',1345,,236,29,,,0
15000019,'1497515',1600,,237,29,,,0
15000019,'1497516',745,,238,29,,,0
15000019,'1497517',1044,,239,29,,,0
15000019,'1497518',1344,,240,29,,,0
15000019,'1497519',659,,241,29,,,0
15000019,'1497520',1514,,242,29,,,0
15000019,'1497521',2159,,243,29,,,0
15000019,'1497522',1944,,244,29,,,0
15000019,'1497523',2114,,245,29,,,0
15000019,'1497524',2329,,246,29,,,0
15000019,'1497525',829,,247,29,,,0
15000019,'1497526',1859,,248,29,,,0
15000019,'1497527',744,,249,29,,,0
15000019,'1497528',2244,,250,29,,,0
15000019,'1497529',959,,251,29,,,0
15000019,'1497530',1429,,252,29,,,0
15000019,'1497531',1644,,253,29,,,0
15000019,'1497532',1559,,254,29,,,0
15000019,'1497533',1814,,255,29,,,0
15000019,'1497534',1729,,256,29,,,0
15000019,'1497535',914,,257,29,,,0
15000019,'1497536',2029,,258,29,,,0
15000019,'1497537',1129,,259,29,,,0
15000019,'1497538',1214,,260,29,,,0
15000019,'1497539',1259,,261,29,,,0
15000019,'1497540',1215,,262,29,,,0
15000019,'1497544',1430,,263,29,,,0
15000019,'1497545',1730,,264,29,,,0
15000019,'1497548',1300,,265,29,,,0
15000019,'1497555',2030,,266,29,,,0
15000019,'1497556',1302,,267,29,,,0
15000019,'1497557',1047,,268,29,,,0
15000019,'1497559',832,,269,29,,,0
15000019,'1497560',1945,,270,29,,,0
15000019,'1497561',1732,,271,29,,,0
15000019,'1497562',700,,272,29,,,0
15000019,'1497563',1217,,273,29,,,0
15000019,'1497564',1517,,274,29,,,0
15000019,'1497566',1347,,275,29,,,0
15000019,'1497569',1900,,276,29,,,0
15000019,'1497573',745,,277,29,,,0
15000019,'1497575',1515,,278,29,,,0
15000019,'1497581',1817,,279,29,,,0
15000019,'1497582',917,,280,29,,,0
15000019,'1497585',1432,,281,29,,,0
15000019,'1497587',747,,282,29,,,0
15000019,'1497588',1130,,283,29,,,0
15000019,'1497589',1602,,284,29,,,0
15000019,'1497590',915,,285,29,,,0
15000019,'1497596',1600,,286,29,,,0
15000019,'1497598',830,,287,29,,,0
15000019,'1497599',1902,,288,29,,,0
15000019,'1497600',1345,,289,29,,,0
15000019,'1497601',1132,,290,29,,,0
15000019,'1497602',1000,,291,29,,,0
15000019,'1497603',1002,,292,29,,,0
15000019,'1497604',1045,,293,29,,,0
15000019,'1497605',1815,,294,29,,,0
15000019,'1497606',1645,,295,29,,,0
15000019,'1497607',1647,,296,29,,,0
