2000019,'1497450',1017,,149,2,,,0
2000019,'1497451',932,,150,2,,,0
2000019,'1497452',632,,151,2,,,0
2000019,'1497453',1532,,152,2,,,0
2000019,'1497454',1617,,153,2,,,0
2000019,'1497455',1102,,154,2,,,0
2000019,'1497456',717,,155,2,,,0
2000019,'1497457',847,,156,2,,,0
2000019,'1497458',1702,,157,2,,,0
2000019,'1497459',1147,,158,2,,,0
2000019,'1497460',1447,,159,2,,,0
2000019,'1497461',1317,,160,2,,,0
2000019,'1497462',1402,,161,2,,,0
2000019,'1497463',1747,,162,2,,,0
2000019,'1497464',802,,163,2,,,0
2000019,'1497465',1232,,164,2,,,0
2000019,'1497466',1102,,165,2,,,0
2000019,'1497467',2132,,166,2,,,0
2000019,'1497468',1402,,167,2,,,0
2000019,'1497469',1232,,168,2,,,0
2000019,'1497470',847,,169,2,,,0
2000019,'1497471',1702,,170,2,,,0
2000019,'1497472',2302,,171,2,,,0
2000019,'1497473',1317,,172,2,,,0
2000019,'1497474',1447,,173,2,,,0
2000019,'1497475',932,,174,2,,,0
2000019,'1497476',717,,175,2,,,0
2000019,'1497477',1832,,176,2,,,0
2000019,'1497478',1147,,177,2,,,0
2000019,'1497479',1617,,178,2,,,0
2000019,'1497480',1017,,179,2,,,0
2000019,'1497481',1532,,180,2,,,0
2000019,'1497482',2002,,181,2,,,0
2000019,'1497483',2217,,182,2,,,0
2000019,'1497484',632,,183,2,,,0
2000019,'1497485',1747,,184,2,,,0
2000019,'1497486',1917,,185,2,,,0
2000019,'1497487',2047,,186,2,,,0
2000019,'1497488',802,,187,2,,,0
2000019,'1497541',1317,,188,2,,,0
2000019,'1497542',717,,189,2,,,0
2000019,'1497543',847,,190,2,,,0
2000019,'1497546',1532,,191,2,,,0
2000019,'1497547',932,,192,2,,,0
2000019,'1497549',1147,,193,2,,,0
2000019,'1497550',632,,194,2,,,0
2000019,'1497551',1747,,195,2,,,0
2000019,'1497552',1402,,196,2,,,0
2000019,'1497553',802,,197,2,,,0
2000019,'1497554',1232,,198,2,,,0
2000019,'1497558',1147,,199,2,,,0
2000019,'1497565',1747,,200,2,,,0
2000019,'1497567',1617,,201,2,,,0
2000019,'1497568',1832,,202,2,,,0
2000019,'1497570',1447,,203,2,,,0
2000019,'1497571',1832,,204,2,,,0
2000019,'1497572',717,,205,2,,,0
2000019,'1497574',1917,,206,2,,,0
2000019,'1497576',1447,,207,2,,,0
2000019,'1497577',1232,,208,2,,,0
2000019,'1497578',1017,,209,2,,,0
2000019,'1497579',1532,,210,2,,,0
2000019,'1497580',847,,211,2,,,0
2000019,'1497583',1402,,212,2,,,0
2000019,'1497584',1102,,213,2,,,0
2000019,'1497586',1102,,214,2,,,0
2000019,'1497591',2002,,215,2,,,0
2000019,'1497592',1317,,216,2,,,0
2000019,'1497593',1702,,217,2,,,0
2000019,'1497594',1617,,218,2,,,0
2000019,'1497595',1017,,219,2,,,0
2000019,'1497597',932,,220,2,,,0
2000019,'1497608',1702,,221,2,,,0
2000019,'1497609',802,,222,2,,,0
