15000019,'1497501',1618,,223,4,,,0,35,,223,34,,,0
15000019,'1497502',1103,,224,4,,,0,35,,224,34,,,0
15000019,'1497503',1018,,225,4,,,0,35,,225,34,,,0
15000019,'1497504',1233,,226,4,,,0,75,,226,34,,,0
15000019,'1497505',933,,227,4,,,0,75,,227,34,,,0
15000019,'1497506',1448,,228,4,,,0,75,,228,34,,,0
15000019,'1497507',1703,,229,4,,,0,35,,229,34,,,0
15000019,'1497508',1403,,230,4,,,0,35,,230,34,,,0
15000019,'1497509',1148,,231,4,,,0,75,,231,34,,,0
15000019,'1497510',1748,,232,4,,,0,75,,232,34,,,0
15000019,'1497511',848,,233,4,,,0,75,,233,34,,,0
15000019,'1497512',633,,234,4,,,0,75,,234,34,,,0
15000019,'1497513',803,,235,4,,,0,35,,235,34,,,0
15000019,'1497514',1318,,236,4,,,0,35,,236,34,,,0
15000019,'1497515',1533,,237,4,,,0,75,,237,34,,,0
15000019,'1497516',718,,238,4,,,0,35,,238,34,,,0
15000019,'1497517',1018,,239,4,,,0,34,,239,34,,,0
15000019,'1497518',1318,,240,4,,,0,34,,240,34,,,0
15000019,'1497519',633,,241,4,,,0,74,,241,34,,,0
15000019,'1497520',1448,,242,4,,,0,74,,242,34,,,0
15000019,'1497521',2133,,243,4,,,0,74,,243,34,,,0
15000019,'1497522',1918,,244,4,,,0,34,,244,34,,,0
15000019,'1497523',2048,,245,4,,,0,74,,245,34,,,0
15000019,'1497524',2303,,246,4,,,0,34,,246,34,,,0
15000019,'1497525',803,,247,4,,,0,34,,247,34,,,0
15000019,'1497526',1833,,248,4,,,0,74,,248,34,,,0
15000019,'1497527',718,,249,4,,,0,34,,249,34,,,0
15000019,'1497528',2218,,250,4,,,0,34,,250,34,,,0
15000019,'1497529',933,,251,4,,,0,74,,251,34,,,0
15000019,'1497530',1403,,252,4,,,0,34,,252,34,,,0
15000019,'1497531',1618,,253,4,,,0,34,,253,34,,,0
15000019,'1497532',1533,,254,4,,,0,74,,254,34,,,0
15000019,'1497533',1748,,255,4,,,0,74,,255,34,,,0
15000019,'1497534',1703,,256,4,,,0,34,,256,34,,,0
15000019,'1497535',848,,257,4,,,0,74,,257,34,,,0
15000019,'1497536',2003,,258,4,,,0,34,,258,34,,,0
15000019,'1497537',1103,,259,4,,,0,34,,259,34,,,0
15000019,'1497538',1148,,260,4,,,0,74,,260,34,,,0
15000019,'1497539',1233,,261,4,,,0,74,,261,34,,,0
15000019,'1497540',1149,,262,4,,,0,73,,262,34,,,0
15000019,'1497544',1404,,263,4,,,0,33,,263,34,,,0
15000019,'1497545',1704,,264,4,,,0,33,,264,34,,,0
15000019,'1497548',1234,,265,4,,,0,73,,265,34,,,0
15000019,'1497555',2004,,266,4,,,0,33,,266,34,,,0
15000019,'1497556',1233,,267,4,,,0,77,,267,34,,,0
15000019,'1497557',1018,,268,4,,,0,37,,268,34,,,0
15000019,'1497559',803,,269,4,,,0,37,,269,34,,,0
15000019,'1497560',1919,,270,4,,,0,33,,270,34,,,0
15000019,'1497561',1703,,271,4,,,0,37,,271,34,,,0
15000019,'1497562',634,,272,4,,,0,73,,272,34,,,0
15000019,'1497563',1148,,273,4,,,0,77,,273,34,,,0
15000019,'1497564',1448,,274,4,,,0,77,,274,34,,,0
15000019,'1497566',1318,,275,4,,,0,37,,275,34,,,0
15000019,'1497569',1834,,276,4,,,0,73,,276,34,,,0
15000019,'1497573',719,,277,4,,,0,33,,277,34,,,0
15000019,'1497575',1449,,278,4,,,0,73,,278,34,,,0
15000019,'1497581',1748,,279,4,,,0,77,,279,34,,,0
15000019,'1497582',848,,280,4,,,0,77,,280,34,,,0
15000019,'1497585',1403,,281,4,,,0,37,,281,34,,,0
15000019,'1497587',718,,282,4,,,0,37,,282,34,,,0
15000019,'1497588',1104,,283,4,,,0,33,,283,34,,,0
15000019,'1497589',1533,,284,4,,,0,77,,284,34,,,0
15000019,'1497590',849,,285,4,,,0,73,,285,34,,,0
15000019,'1497596',1534,,286,4,,,0,73,,286,34,,,0
15000019,'1497598',804,,287,4,,,0,33,,287,34,,,0
15000019,'1497599',1833,,288,4,,,0,77,,288,34,,,0
15000019,'1497600',1319,,289,4,,,0,33,,289,34,,,0
15000019,'1497601',1103,,290,4,,,0,37,,290,34,,,0
15000019,'1497602',934,,291,4,,,0,73,,291,34,,,0
15000019,'1497603',933,,292,4,,,0,77,,292,34,,,0
15000019,'1497604',1019,,293,4,,,0,33,,293,34,,,0
15000019,'1497605',1749,,294,4,,,0,73,,294,34,,,0
15000019,'1497606',1619,,295,4,,,0,33,,295,34,,,0
15000019,'1497607',1618,,296,4,,,0,37,,296,34,,,0
