2000019,'1497450',1047,,149,32,,,0
2000019,'1497451',1002,,150,32,,,0
2000019,'1497452',708,,151,32,,,0
2000019,'1497453',1602,,152,32,,,0
2000019,'1497454',1647,,153,32,,,0
2000019,'1497455',1132,,154,32,,,0
2000019,'1497456',747,,155,32,,,0
2000019,'1497457',917,,156,32,,,0
2000019,'1497458',1732,,157,32,,,0
2000019,'1497459',1217,,158,32,,,0
2000019,'1497460',1517,,159,32,,,0
2000019,'1497461',1347,,160,32,,,0
2000019,'1497462',1432,,161,32,,,0
2000019,'1497463',1817,,162,32,,,0
2000019,'1497464',832,,163,32,,,0
2000019,'1497465',1302,,164,32,,,0
2000019,'1497466',1132,,165,32,,,0
2000019,'1497467',2208,,166,32,,,0
2000019,'1497468',1432,,167,32,,,0
2000019,'1497469',1302,,168,32,,,0
2000019,'1497470',917,,169,32,,,0
2000019,'1497471',1732,,170,32,,,0
2000019,'1497472',2338,,171,32,,,0
2000019,'1497473',1347,,172,32,,,0
2000019,'1497474',1517,,173,32,,,0
2000019,'1497475',1002,,174,32,,,0
2000019,'1497476',747,,175,32,,,0
2000019,'1497477',1900,,176,32,,,0
2000019,'1497478',1217,,177,32,,,0
2000019,'1497479',1647,,178,32,,,0
2000019,'1497480',1047,,179,32,,,0
2000019,'1497481',1602,,180,32,,,0
2000019,'1497482',2030,,181,32,,,0
2000019,'1497483',2253,,182,32,,,0
2000019,'1497484',708,,183,32,,,0
2000019,'1497485',1817,,184,32,,,0
2000019,'1497486',1943,,185,32,,,0
2000019,'1497487',2122,,186,32,,,0
2000019,'1497488',832,,187,32,,,0
2000019,'1497541',1351,,188,32,,,0
2000019,'1497542',750,,189,32,,,0
2000019,'1497543',920,,190,32,,,0
2000019,'1497546',1605,,191,32,,,0
2000019,'1497547',1005,,192,32,,,0
2000019,'1497549',1220,,193,32,,,0
2000019,'1497550',705,,194,32,,,0
2000019,'1497551',1821,,195,32,,,0
2000019,'1497552',1436,,196,32,,,0
2000019,'1497553',836,,197,32,,,0
2000019,'1497554',1306,,198,32,,,0
2000019,'1497558',1221,,199,32,,,0
2000019,'1497565',1820,,200,32,,,0
2000019,'1497567',1650,,201,32,,,0
2000019,'1497568',1905,,202,32,,,0
2000019,'1497570',1521,,203,32,,,0
2000019,'1497571',1906,,204,32,,,0
2000019,'1497572',751,,205,32,,,0
2000019,'1497574',1950,,206,32,,,0
2000019,'1497576',1520,,207,32,,,0
2000019,'1497577',1305,,208,32,,,0
2000019,'1497578',1051,,209,32,,,0
2000019,'1497579',1606,,210,32,,,0
2000019,'1497580',921,,211,32,,,0
2000019,'1497583',1435,,212,32,,,0
2000019,'1497584',1136,,213,32,,,0
2000019,'1497586',1135,,214,32,,,0
2000019,'1497591',2035,,215,32,,,0
2000019,'1497592',1350,,216,32,,,0
2000019,'1497593',1736,,217,32,,,0
2000019,'1497594',1651,,218,32,,,0
2000019,'1497595',1050,,219,32,,,0
2000019,'1497597',1006,,220,32,,,0
2000019,'1497608',1735,,221,32,,,0
2000019,'1497609',835,,222,32,,,0
