2000019,'1497450',1046,,149,31,,,0
2000019,'1497451',1001,,150,31,,,0
2000019,'1497452',706,,151,31,,,0
2000019,'1497453',1601,,152,31,,,0
2000019,'1497454',1646,,153,31,,,0
2000019,'1497455',1131,,154,31,,,0
2000019,'1497456',746,,155,31,,,0
2000019,'1497457',916,,156,31,,,0
2000019,'1497458',1731,,157,31,,,0
2000019,'1497459',1216,,158,31,,,0
2000019,'1497460',1516,,159,31,,,0
2000019,'1497461',1346,,160,31,,,0
2000019,'1497462',1431,,161,31,,,0
2000019,'1497463',1816,,162,31,,,0
2000019,'1497464',831,,163,31,,,0
2000019,'1497465',1301,,164,31,,,0
2000019,'1497466',1131,,165,31,,,0
2000019,'1497467',2206,,166,31,,,0
2000019,'1497468',1431,,167,31,,,0
2000019,'1497469',1301,,168,31,,,0
2000019,'1497470',916,,169,31,,,0
2000019,'1497471',1731,,170,31,,,0
2000019,'1497472',2336,,171,31,,,0
2000019,'1497473',1346,,172,31,,,0
2000019,'1497474',1516,,173,31,,,0
2000019,'1497475',1001,,174,31,,,0
2000019,'1497476',746,,175,31,,,0
2000019,'1497477',1859,,176,31,,,0
2000019,'1497478',1216,,177,31,,,0
2000019,'1497479',1646,,178,31,,,0
2000019,'1497480',1046,,179,31,,,0
2000019,'1497481',1601,,180,31,,,0
2000019,'1497482',2028,,181,31,,,0
2000019,'1497483',2251,,182,31,,,0
2000019,'1497484',706,,183,31,,,0
2000019,'1497485',1816,,184,31,,,0
2000019,'1497486',1942,,185,31,,,0
2000019,'1497487',2121,,186,31,,,0
2000019,'1497488',831,,187,31,,,0
2000019,'1497541',1350,,188,31,,,0
2000019,'1497542',748,,189,31,,,0
2000019,'1497543',918,,190,31,,,0
2000019,'1497546',1603,,191,31,,,0
2000019,'1497547',1003,,192,31,,,0
2000019,'1497549',1218,,193,31,,,0
2000019,'1497550',703,,194,31,,,0
2000019,'1497551',1820,,195,31,,,0
2000019,'1497552',1435,,196,31,,,0
2000019,'1497553',835,,197,31,,,0
2000019,'1497554',1305,,198,31,,,0
2000019,'1497558',1220,,199,31,,,0
2000019,'1497565',1818,,200,31,,,0
2000019,'1497567',1648,,201,31,,,0
2000019,'1497568',1903,,202,31,,,0
2000019,'1497570',1520,,203,31,,,0
2000019,'1497571',1905,,204,31,,,0
2000019,'1497572',750,,205,31,,,0
2000019,'1497574',1948,,206,31,,,0
2000019,'1497576',1518,,207,31,,,0
2000019,'1497577',1303,,208,31,,,0
2000019,'1497578',1050,,209,31,,,0
2000019,'1497579',1605,,210,31,,,0
2000019,'1497580',920,,211,31,,,0
2000019,'1497583',1433,,212,31,,,0
2000019,'1497584',1135,,213,31,,,0
2000019,'1497586',1133,,214,31,,,0
2000019,'1497591',2033,,215,31,,,0
2000019,'1497592',1348,,216,31,,,0
2000019,'1497593',1735,,217,31,,,0
2000019,'1497594',1650,,218,31,,,0
2000019,'1497595',1048,,219,31,,,0
2000019,'1497597',1005,,220,31,,,0
2000019,'1497608',1733,,221,31,,,0
2000019,'1497609',833,,222,31,,,0
