2000019,'1497450',1052,,149,36,,,0
2000019,'1497451',1007,,150,36,,,0
2000019,'1497452',712,,151,36,,,0
2000019,'1497453',1607,,152,36,,,0
2000019,'1497454',1652,,153,36,,,0
2000019,'1497455',1137,,154,36,,,0
2000019,'1497456',752,,155,36,,,0
2000019,'1497457',922,,156,36,,,0
2000019,'1497458',1737,,157,36,,,0
2000019,'1497459',1222,,158,36,,,0
2000019,'1497460',1522,,159,36,,,0
2000019,'1497461',1352,,160,36,,,0
2000019,'1497462',1437,,161,36,,,0
2000019,'1497463',1822,,162,36,,,0
2000019,'1497464',837,,163,36,,,0
2000019,'1497465',1307,,164,36,,,0
2000019,'1497466',1137,,165,36,,,0
2000019,'1497467',2212,,166,36,,,0
2000019,'1497468',1437,,167,36,,,0
2000019,'1497469',1307,,168,36,,,0
2000019,'1497470',922,,169,36,,,0
2000019,'1497471',1737,,170,36,,,0
2000019,'1497472',2342,,171,36,,,0
2000019,'1497473',1352,,172,36,,,0
2000019,'1497474',1522,,173,36,,,0
2000019,'1497475',1007,,174,36,,,0
2000019,'1497476',752,,175,36,,,0
2000019,'1497477',1905,,176,36,,,0
2000019,'1497478',1222,,177,36,,,0
2000019,'1497479',1652,,178,36,,,0
2000019,'1497480',1052,,179,36,,,0
2000019,'1497481',1607,,180,36,,,0
2000019,'1497482',2034,,181,36,,,0
2000019,'1497483',2257,,182,36,,,0
2000019,'1497484',712,,183,36,,,0
2000019,'1497485',1822,,184,36,,,0
2000019,'1497486',1948,,185,36,,,0
2000019,'1497487',2127,,186,36,,,0
2000019,'1497488',837,,187,36,,,0
2000019,'1497541',1356,,188,36,,,0
2000019,'1497542',755,,189,36,,,0
2000019,'1497543',925,,190,36,,,0
2000019,'1497546',1610,,191,36,,,0
2000019,'1497547',1010,,192,36,,,0
2000019,'1497549',1225,,193,36,,,0
2000019,'1497550',710,,194,36,,,0
2000019,'1497551',1826,,195,36,,,0
2000019,'1497552',1441,,196,36,,,0
2000019,'1497553',841,,197,36,,,0
2000019,'1497554',1311,,198,36,,,0
2000019,'1497558',1226,,199,36,,,0
2000019,'1497565',1825,,200,36,,,0
2000019,'1497567',1655,,201,36,,,0
2000019,'1497568',1910,,202,36,,,0
2000019,'1497570',1526,,203,36,,,0
2000019,'1497571',1911,,204,36,,,0
2000019,'1497572',756,,205,36,,,0
2000019,'1497574',1955,,206,36,,,0
2000019,'1497576',1525,,207,36,,,0
2000019,'1497577',1310,,208,36,,,0
2000019,'1497578',1056,,209,36,,,0
2000019,'1497579',1611,,210,36,,,0
2000019,'1497580',926,,211,36,,,0
2000019,'1497583',1440,,212,36,,,0
2000019,'1497584',1141,,213,36,,,0
2000019,'1497586',1140,,214,36,,,0
2000019,'1497591',2040,,215,36,,,0
2000019,'1497592',1355,,216,36,,,0
2000019,'1497593',1741,,217,36,,,0
2000019,'1497594',1656,,218,36,,,0
2000019,'1497595',1055,,219,36,,,0
2000019,'1497597',1011,,220,36,,,0
2000019,'1497608',1740,,221,36,,,0
2000019,'1497609',840,,222,36,,,0
