15000019,'1497501',1635,,223,21,,,0
15000019,'1497502',1120,,224,21,,,0
15000019,'1497503',1035,,225,21,,,0
15000019,'1497504',1250,,226,21,,,0
15000019,'1497505',950,,227,21,,,0
15000019,'1497506',1505,,228,21,,,0
15000019,'1497507',1720,,229,21,,,0
15000019,'1497508',1420,,230,21,,,0
15000019,'1497509',1205,,231,21,,,0
15000019,'1497510',1805,,232,21,,,0
15000019,'1497511',905,,233,21,,,0
15000019,'1497512',650,,234,21,,,0
15000019,'1497513',820,,235,21,,,0
15000019,'1497514',1335,,236,21,,,0
15000019,'1497515',1550,,237,21,,,0
15000019,'1497516',735,,238,21,,,0
15000019,'1497517',1034,,239,21,,,0
15000019,'1497518',1334,,240,21,,,0
15000019,'1497519',649,,241,21,,,0
15000019,'1497520',1504,,242,21,,,0
15000019,'1497521',2149,,243,21,,,0
15000019,'1497522',1934,,244,21,,,0
15000019,'1497523',2104,,245,21,,,0
15000019,'1497524',2319,,246,21,,,0
15000019,'1497525',819,,247,21,,,0
15000019,'1497526',1849,,248,21,,,0
15000019,'1497527',734,,249,21,,,0
15000019,'1497528',2234,,250,21,,,0
15000019,'1497529',949,,251,21,,,0
15000019,'1497530',1419,,252,21,,,0
15000019,'1497531',1634,,253,21,,,0
15000019,'1497532',1549,,254,21,,,0
15000019,'1497533',1804,,255,21,,,0
15000019,'1497534',1719,,256,21,,,0
15000019,'1497535',904,,257,21,,,0
15000019,'1497536',2019,,258,21,,,0
15000019,'1497537',1119,,259,21,,,0
15000019,'1497538',1204,,260,21,,,0
15000019,'1497539',1249,,261,21,,,0
15000019,'1497540',1206,,262,21,,,0
15000019,'1497544',1421,,263,21,,,0
15000019,'1497545',1721,,264,21,,,0
15000019,'1497548',1251,,265,21,,,0
15000019,'1497555',2021,,266,21,,,0
15000019,'1497556',1250,,267,21,,,0
15000019,'1497557',1035,,268,21,,,0
15000019,'1497559',820,,269,21,,,0
15000019,'1497560',1936,,270,21,,,0
15000019,'1497561',1720,,271,21,,,0
15000019,'1497562',651,,272,21,,,0
15000019,'1497563',1205,,273,21,,,0
15000019,'1497564',1505,,274,21,,,0
15000019,'1497566',1335,,275,21,,,0
15000019,'1497569',1851,,276,21,,,0
15000019,'1497573',736,,277,21,,,0
15000019,'1497575',1506,,278,21,,,0
15000019,'1497581',1805,,279,21,,,0
15000019,'1497582',905,,280,21,,,0
15000019,'1497585',1420,,281,21,,,0
15000019,'1497587',735,,282,21,,,0
15000019,'1497588',1121,,283,21,,,0
15000019,'1497589',1550,,284,21,,,0
15000019,'1497590',906,,285,21,,,0
15000019,'1497596',1551,,286,21,,,0
15000019,'1497598',821,,287,21,,,0
15000019,'1497599',1850,,288,21,,,0
15000019,'1497600',1336,,289,21,,,0
15000019,'1497601',1120,,290,21,,,0
15000019,'1497602',951,,291,21,,,0
15000019,'1497603',950,,292,21,,,0
15000019,'1497604',1036,,293,21,,,0
15000019,'1497605',1806,,294,21,,,0
15000019,'1497606',1636,,295,21,,,0
15000019,'1497607',1635,,296,21,,,0
