15000019,'1497501',1621,,223,9,,,0
15000019,'1497502',1106,,224,9,,,0
15000019,'1497503',1021,,225,9,,,0
15000019,'1497504',1236,,226,9,,,0
15000019,'1497505',936,,227,9,,,0
15000019,'1497506',1451,,228,9,,,0
15000019,'1497507',1706,,229,9,,,0
15000019,'1497508',1406,,230,9,,,0
15000019,'1497509',1151,,231,9,,,0
15000019,'1497510',1751,,232,9,,,0
15000019,'1497511',851,,233,9,,,0
15000019,'1497512',636,,234,9,,,0
15000019,'1497513',806,,235,9,,,0
15000019,'1497514',1321,,236,9,,,0
15000019,'1497515',1536,,237,9,,,0
15000019,'1497516',721,,238,9,,,0
15000019,'1497517',1021,,239,9,,,0
15000019,'1497518',1321,,240,9,,,0
15000019,'1497519',636,,241,9,,,0
15000019,'1497520',1451,,242,9,,,0
15000019,'1497521',2136,,243,9,,,0
15000019,'1497522',1921,,244,9,,,0
15000019,'1497523',2051,,245,9,,,0
15000019,'1497524',2306,,246,9,,,0
15000019,'1497525',806,,247,9,,,0
15000019,'1497526',1836,,248,9,,,0
15000019,'1497527',721,,249,9,,,0
15000019,'1497528',2221,,250,9,,,0
15000019,'1497529',936,,251,9,,,0
15000019,'1497530',1406,,252,9,,,0
15000019,'1497531',1621,,253,9,,,0
15000019,'1497532',1536,,254,9,,,0
15000019,'1497533',1751,,255,9,,,0
15000019,'1497534',1706,,256,9,,,0
15000019,'1497535',851,,257,9,,,0
15000019,'1497536',2006,,258,9,,,0
15000019,'1497537',1106,,259,9,,,0
15000019,'1497538',1151,,260,9,,,0
15000019,'1497539',1236,,261,9,,,0
15000019,'1497540',1152,,262,9,,,0
15000019,'1497544',1407,,263,9,,,0
15000019,'1497545',1707,,264,9,,,0
15000019,'1497548',1237,,265,9,,,0
15000019,'1497555',2007,,266,9,,,0
15000019,'1497556',1236,,267,9,,,0
15000019,'1497557',1021,,268,9,,,0
15000019,'1497559',806,,269,9,,,0
15000019,'1497560',1922,,270,9,,,0
15000019,'1497561',1706,,271,9,,,0
15000019,'1497562',637,,272,9,,,0
15000019,'1497563',1151,,273,9,,,0
15000019,'1497564',1451,,274,9,,,0
15000019,'1497566',1321,,275,9,,,0
15000019,'1497569',1837,,276,9,,,0
15000019,'1497573',722,,277,9,,,0
15000019,'1497575',1452,,278,9,,,0
15000019,'1497581',1751,,279,9,,,0
15000019,'1497582',851,,280,9,,,0
15000019,'1497585',1406,,281,9,,,0
15000019,'1497587',721,,282,9,,,0
15000019,'1497588',1107,,283,9,,,0
15000019,'1497589',1536,,284,9,,,0
15000019,'1497590',852,,285,9,,,0
15000019,'1497596',1537,,286,9,,,0
15000019,'1497598',807,,287,9,,,0
15000019,'1497599',1836,,288,9,,,0
15000019,'1497600',1322,,289,9,,,0
15000019,'1497601',1106,,290,9,,,0
15000019,'1497602',937,,291,9,,,0
15000019,'1497603',936,,292,9,,,0
15000019,'1497604',1022,,293,9,,,0
15000019,'1497605',1752,,294,9,,,0
15000019,'1497606',1622,,295,9,,,0
15000019,'1497607',1621,,296,9,,,0
