15000019,'1497501',1617,,223,3,,,0
15000019,'1497502',1102,,224,3,,,0
15000019,'1497503',1017,,225,3,,,0
15000019,'1497504',1232,,226,3,,,0
15000019,'1497505',932,,227,3,,,0
15000019,'1497506',1447,,228,3,,,0
15000019,'1497507',1702,,229,3,,,0
15000019,'1497508',1402,,230,3,,,0
15000019,'1497509',1147,,231,3,,,0
15000019,'1497510',1747,,232,3,,,0
15000019,'1497511',847,,233,3,,,0
15000019,'1497512',632,,234,3,,,0
15000019,'1497513',802,,235,3,,,0
15000019,'1497514',1317,,236,3,,,0
15000019,'1497515',1532,,237,3,,,0
15000019,'1497516',717,,238,3,,,0
15000019,'1497517',1017,,239,3,,,0
15000019,'1497518',1317,,240,3,,,0
15000019,'1497519',632,,241,3,,,0
15000019,'1497520',1447,,242,3,,,0
15000019,'1497521',2132,,243,3,,,0
15000019,'1497522',1917,,244,3,,,0
15000019,'1497523',2047,,245,3,,,0
15000019,'1497524',2302,,246,3,,,0
15000019,'1497525',802,,247,3,,,0
15000019,'1497526',1832,,248,3,,,0
15000019,'1497527',717,,249,3,,,0
15000019,'1497528',2217,,250,3,,,0
15000019,'1497529',932,,251,3,,,0
15000019,'1497530',1402,,252,3,,,0
15000019,'1497531',1617,,253,3,,,0
15000019,'1497532',1532,,254,3,,,0
15000019,'1497533',1747,,255,3,,,0
15000019,'1497534',1702,,256,3,,,0
15000019,'1497535',847,,257,3,,,0
15000019,'1497536',2002,,258,3,,,0
15000019,'1497537',1102,,259,3,,,0
15000019,'1497538',1147,,260,3,,,0
15000019,'1497539',1232,,261,3,,,0
15000019,'1497540',1148,,262,3,,,0
15000019,'1497544',1403,,263,3,,,0
15000019,'1497545',1703,,264,3,,,0
15000019,'1497548',1233,,265,3,,,0
15000019,'1497555',2003,,266,3,,,0
15000019,'1497556',1233,,267,3,,,0
15000019,'1497557',1018,,268,3,,,0
15000019,'1497559',803,,269,3,,,0
15000019,'1497560',1918,,270,3,,,0
15000019,'1497561',1703,,271,3,,,0
15000019,'1497562',633,,272,3,,,0
15000019,'1497563',1148,,273,3,,,0
15000019,'1497564',1448,,274,3,,,0
15000019,'1497566',1318,,275,3,,,0
15000019,'1497569',1833,,276,3,,,0
15000019,'1497573',718,,277,3,,,0
15000019,'1497575',1448,,278,3,,,0
15000019,'1497581',1748,,279,3,,,0
15000019,'1497582',848,,280,3,,,0
15000019,'1497585',1403,,281,3,,,0
15000019,'1497587',718,,282,3,,,0
15000019,'1497588',1103,,283,3,,,0
15000019,'1497589',1533,,284,3,,,0
15000019,'1497590',848,,285,3,,,0
15000019,'1497596',1533,,286,3,,,0
15000019,'1497598',803,,287,3,,,0
15000019,'1497599',1833,,288,3,,,0
15000019,'1497600',1318,,289,3,,,0
15000019,'1497601',1103,,290,3,,,0
15000019,'1497602',933,,291,3,,,0
15000019,'1497603',933,,292,3,,,0
15000019,'1497604',1018,,293,3,,,0
15000019,'1497605',1748,,294,3,,,0
15000019,'1497606',1618,,295,3,,,0
15000019,'1497607',1618,,296,3,,,0
