15000019,'1497501',1657,,223,37,,,0
15000019,'1497502',1142,,224,37,,,0
15000019,'1497503',1057,,225,37,,,0
15000019,'1497504',1312,,226,37,,,0
15000019,'1497505',1012,,227,37,,,0
15000019,'1497506',1527,,228,37,,,0
15000019,'1497507',1742,,229,37,,,0
15000019,'1497508',1442,,230,37,,,0
15000019,'1497509',1227,,231,37,,,0
15000019,'1497510',1827,,232,37,,,0
15000019,'1497511',927,,233,37,,,0
15000019,'1497512',712,,234,37,,,0
15000019,'1497513',842,,235,37,,,0
15000019,'1497514',1357,,236,37,,,0
15000019,'1497515',1612,,237,37,,,0
15000019,'1497516',757,,238,37,,,0
15000019,'1497517',1055,,239,37,,,0
15000019,'1497518',1355,,240,37,,,0
15000019,'1497519',710,,241,37,,,0
15000019,'1497520',1525,,242,37,,,0
15000019,'1497521',2210,,243,37,,,0
15000019,'1497522',1955,,244,37,,,0
15000019,'1497523',2125,,245,37,,,0
15000019,'1497524',2340,,246,37,,,0
15000019,'1497525',840,,247,37,,,0
15000019,'1497526',1910,,248,37,,,0
15000019,'1497527',755,,249,37,,,0
15000019,'1497528',2255,,250,37,,,0
15000019,'1497529',1010,,251,37,,,0
15000019,'1497530',1440,,252,37,,,0
15000019,'1497531',1655,,253,37,,,0
15000019,'1497532',1610,,254,37,,,0
15000019,'1497533',1825,,255,37,,,0
15000019,'1497534',1740,,256,37,,,0
15000019,'1497535',925,,257,37,,,0
15000019,'1497536',2040,,258,37,,,0
15000019,'1497537',1140,,259,37,,,0
15000019,'1497538',1225,,260,37,,,0
15000019,'1497539',1310,,261,37,,,0
15000019,'1497540',1225,,262,37,,,0
15000019,'1497544',1440,,263,37,,,0
15000019,'1497545',1740,,264,37,,,0
15000019,'1497548',1310,,265,37,,,0
15000019,'1497555',2040,,266,37,,,0
15000019,'1497556',1314,,267,37,,,0
15000019,'1497557',1059,,268,37,,,0
15000019,'1497559',844,,269,37,,,0
15000019,'1497560',1955,,270,37,,,0
15000019,'1497561',1744,,271,37,,,0
15000019,'1497562',710,,272,37,,,0
15000019,'1497563',1229,,273,37,,,0
15000019,'1497564',1529,,274,37,,,0
15000019,'1497566',1359,,275,37,,,0
15000019,'1497569',1910,,276,37,,,0
15000019,'1497573',755,,277,37,,,0
15000019,'1497575',1525,,278,37,,,0
15000019,'1497581',1829,,279,37,,,0
15000019,'1497582',929,,280,37,,,0
15000019,'1497585',1444,,281,37,,,0
15000019,'1497587',759,,282,37,,,0
15000019,'1497588',1140,,283,37,,,0
15000019,'1497589',1614,,284,37,,,0
15000019,'1497590',925,,285,37,,,0
15000019,'1497596',1610,,286,37,,,0
15000019,'1497598',840,,287,37,,,0
15000019,'1497599',1914,,288,37,,,0
15000019,'1497600',1355,,289,37,,,0
15000019,'1497601',1144,,290,37,,,0
15000019,'1497602',1010,,291,37,,,0
15000019,'1497603',1014,,292,37,,,0
15000019,'1497604',1055,,293,37,,,0
15000019,'1497605',1825,,294,37,,,0
15000019,'1497606',1655,,295,37,,,0
15000019,'1497607',1659,,296,37,,,0
