2000019,'1497450',1045,,149,30,,,0
2000019,'1497451',1000,,150,30,,,0
2000019,'1497452',705,,151,30,,,0
2000019,'1497453',1600,,152,30,,,0
2000019,'1497454',1645,,153,30,,,0
2000019,'1497455',1130,,154,30,,,0
2000019,'1497456',745,,155,30,,,0
2000019,'1497457',915,,156,30,,,0
2000019,'1497458',1730,,157,30,,,0
2000019,'1497459',1215,,158,30,,,0
2000019,'1497460',1515,,159,30,,,0
2000019,'1497461',1345,,160,30,,,0
2000019,'1497462',1430,,161,30,,,0
2000019,'1497463',1815,,162,30,,,0
2000019,'1497464',830,,163,30,,,0
2000019,'1497465',1300,,164,30,,,0
2000019,'1497466',1130,,165,30,,,0
2000019,'1497467',2205,,166,30,,,0
2000019,'1497468',1430,,167,30,,,0
2000019,'1497469',1300,,168,30,,,0
2000019,'1497470',915,,169,30,,,0
2000019,'1497471',1730,,170,30,,,0
2000019,'1497472',2335,,171,30,,,0
2000019,'1497473',1345,,172,30,,,0
2000019,'1497474',1515,,173,30,,,0
2000019,'1497475',1000,,174,30,,,0
2000019,'1497476',745,,175,30,,,0
2000019,'1497477',1858,,176,30,,,0
2000019,'1497478',1215,,177,30,,,0
2000019,'1497479',1645,,178,30,,,0
2000019,'1497480',1045,,179,30,,,0
2000019,'1497481',1600,,180,30,,,0
2000019,'1497482',2028,,181,30,,,0
2000019,'1497483',2250,,182,30,,,0
2000019,'1497484',705,,183,30,,,0
2000019,'1497485',1815,,184,30,,,0
2000019,'1497486',1941,,185,30,,,0
2000019,'1497487',2120,,186,30,,,0
2000019,'1497488',830,,187,30,,,0
2000019,'1497541',1349,,188,30,,,0
2000019,'1497542',747,,189,30,,,0
2000019,'1497543',917,,190,30,,,0
2000019,'1497546',1602,,191,30,,,0
2000019,'1497547',1002,,192,30,,,0
2000019,'1497549',1217,,193,30,,,0
2000019,'1497550',702,,194,30,,,0
2000019,'1497551',1819,,195,30,,,0
2000019,'1497552',1434,,196,30,,,0
2000019,'1497553',834,,197,30,,,0
2000019,'1497554',1304,,198,30,,,0
2000019,'1497558',1219,,199,30,,,0
2000019,'1497565',1817,,200,30,,,0
2000019,'1497567',1647,,201,30,,,0
2000019,'1497568',1902,,202,30,,,0
2000019,'1497570',1519,,203,30,,,0
2000019,'1497571',1904,,204,30,,,0
2000019,'1497572',749,,205,30,,,0
2000019,'1497574',1947,,206,30,,,0
2000019,'1497576',1517,,207,30,,,0
2000019,'1497577',1302,,208,30,,,0
2000019,'1497578',1049,,209,30,,,0
2000019,'1497579',1604,,210,30,,,0
2000019,'1497580',919,,211,30,,,0
2000019,'1497583',1432,,212,30,,,0
2000019,'1497584',1134,,213,30,,,0
2000019,'1497586',1132,,214,30,,,0
2000019,'1497591',2032,,215,30,,,0
2000019,'1497592',1347,,216,30,,,0
2000019,'1497593',1734,,217,30,,,0
2000019,'1497594',1649,,218,30,,,0
2000019,'1497595',1047,,219,30,,,0
2000019,'1497597',1004,,220,30,,,0
2000019,'1497608',1732,,221,30,,,0
2000019,'1497609',832,,222,30,,,0
