2000019,'1497450',1044,,149,29,,,0
2000019,'1497451',959,,150,29,,,0
2000019,'1497452',705,,151,29,,,0
2000019,'1497453',1559,,152,29,,,0
2000019,'1497454',1644,,153,29,,,0
2000019,'1497455',1129,,154,29,,,0
2000019,'1497456',744,,155,29,,,0
2000019,'1497457',914,,156,29,,,0
2000019,'1497458',1729,,157,29,,,0
2000019,'1497459',1214,,158,29,,,0
2000019,'1497460',1514,,159,29,,,0
2000019,'1497461',1344,,160,29,,,0
2000019,'1497462',1429,,161,29,,,0
2000019,'1497463',1814,,162,29,,,0
2000019,'1497464',829,,163,29,,,0
2000019,'1497465',1259,,164,29,,,0
2000019,'1497466',1129,,165,29,,,0
2000019,'1497467',2205,,166,29,,,0
2000019,'1497468',1429,,167,29,,,0
2000019,'1497469',1259,,168,29,,,0
2000019,'1497470',914,,169,29,,,0
2000019,'1497471',1729,,170,29,,,0
2000019,'1497472',2335,,171,29,,,0
2000019,'1497473',1344,,172,29,,,0
2000019,'1497474',1514,,173,29,,,0
2000019,'1497475',959,,174,29,,,0
2000019,'1497476',744,,175,29,,,0
2000019,'1497477',1858,,176,29,,,0
2000019,'1497478',1214,,177,29,,,0
2000019,'1497479',1644,,178,29,,,0
2000019,'1497480',1044,,179,29,,,0
2000019,'1497481',1559,,180,29,,,0
2000019,'1497482',2027,,181,29,,,0
2000019,'1497483',2250,,182,29,,,0
2000019,'1497484',705,,183,29,,,0
2000019,'1497485',1814,,184,29,,,0
2000019,'1497486',1940,,185,29,,,0
2000019,'1497487',2119,,186,29,,,0
2000019,'1497488',829,,187,29,,,0
2000019,'1497541',1348,,188,29,,,0
2000019,'1497542',746,,189,29,,,0
2000019,'1497543',916,,190,29,,,0
2000019,'1497546',1601,,191,29,,,0
2000019,'1497547',1001,,192,29,,,0
2000019,'1497549',1216,,193,29,,,0
2000019,'1497550',701,,194,29,,,0
2000019,'1497551',1818,,195,29,,,0
2000019,'1497552',1433,,196,29,,,0
2000019,'1497553',833,,197,29,,,0
2000019,'1497554',1303,,198,29,,,0
2000019,'1497558',1218,,199,29,,,0
2000019,'1497565',1816,,200,29,,,0
2000019,'1497567',1646,,201,29,,,0
2000019,'1497568',1901,,202,29,,,0
2000019,'1497570',1518,,203,29,,,0
2000019,'1497571',1903,,204,29,,,0
2000019,'1497572',748,,205,29,,,0
2000019,'1497574',1946,,206,29,,,0
2000019,'1497576',1516,,207,29,,,0
2000019,'1497577',1301,,208,29,,,0
2000019,'1497578',1048,,209,29,,,0
2000019,'1497579',1603,,210,29,,,0
2000019,'1497580',918,,211,29,,,0
2000019,'1497583',1431,,212,29,,,0
2000019,'1497584',1133,,213,29,,,0
2000019,'1497586',1131,,214,29,,,0
2000019,'1497591',2031,,215,29,,,0
2000019,'1497592',1346,,216,29,,,0
2000019,'1497593',1733,,217,29,,,0
2000019,'1497594',1648,,218,29,,,0
2000019,'1497595',1046,,219,29,,,0
2000019,'1497597',1003,,220,29,,,0
2000019,'1497608',1731,,221,29,,,0
2000019,'1497609',831,,222,29,,,0
