2000019,'1489685',2034,,1,33,,,0
2000019,'1489691',1951,,2,33,,,0
2000019,'1489692',1905,,3,33,,,0
2000019,'1489694',1651,,4,33,,,0
2000019,'1489697',1049,,5,33,,,0
2000019,'1489698',836,,6,33,,,0
2000019,'1489699',1221,,7,33,,,0
2000019,'1489700',1051,,8,33,,,0
2000019,'1489701',1219,,9,33,,,0
2000019,'1489702',1519,,10,33,,,0
2000019,'1489705',1604,,11,33,,,0
2000019,'1489712',1134,,12,33,,,0
2000019,'1489713',1606,,13,33,,,0
2000019,'1489714',1006,,14,33,,,0
2000019,'1489717',1136,,15,33,,,0
2000019,'1489719',2124,,16,33,,,0
2000019,'1489725',1219,,17,33,,,0
2000019,'1489726',1051,,18,33,,,0
2000019,'1489727',1434,,19,33,,,0
2000019,'1489732',1351,,20,33,,,0
2000019,'1489733',749,,21,33,,,0
2000019,'1489740',834,,22,33,,,0
2000019,'1489743',921,,23,33,,,0
2000019,'1489746',1306,,24,33,,,0
2000019,'1489750',1136,,25,33,,,0
2000019,'1489751',1904,,26,33,,,0
2000019,'1489754',1519,,27,33,,,0
2000019,'1489755',751,,28,33,,,0
2000019,'1489758',1651,,29,33,,,0
2000019,'1489759',1521,,30,33,,,0
2000019,'1489767',1521,,31,33,,,0
2000019,'1489768',1436,,32,33,,,0
2000019,'1489770',1819,,33,33,,,0
2000019,'1489772',2036,,34,33,,,0
2000019,'1489774',1434,,35,33,,,0
2000019,'1489775',1906,,36,33,,,0
2000019,'1489777',1134,,37,33,,,0
2000019,'1489783',1351,,38,33,,,0
2000019,'1489784',710,,39,33,,,0
2000019,'1489785',1819,,40,33,,,0
2000019,'1489789',1006,,41,33,,,0
2000019,'1489790',1004,,42,33,,,0
2000019,'1489791',1649,,43,33,,,0
2000019,'1489793',919,,44,33,,,0
2000019,'1489795',1604,,45,33,,,0
2000019,'1489796',1949,,46,33,,,0
2000019,'1489797',1306,,47,33,,,0
2000019,'1489800',1734,,48,33,,,0
2000019,'1489804',836,,49,33,,,0
2000019,'1489805',2254,,50,33,,,0
2000019,'1489807',1606,,51,33,,,0
2000019,'1489808',919,,52,33,,,0
2000019,'1489810',1349,,53,33,,,0
2000019,'1489812',1004,,54,33,,,0
2000019,'1489813',1304,,55,33,,,0
2000019,'1489814',1221,,56,33,,,0
2000019,'1489816',751,,57,33,,,0
2000019,'1489817',921,,58,33,,,0
2000019,'1489818',1436,,59,33,,,0
2000019,'1489825',834,,60,33,,,0
2000019,'1489826',1049,,61,33,,,0
2000019,'1489829',2209,,62,33,,,0
2000019,'1489830',1734,,63,33,,,0
2000019,'1489831',1821,,64,33,,,0
2000019,'1489836',1736,,65,33,,,0
2000019,'1489837',749,,66,33,,,0
2000019,'1489840',1821,,67,33,,,0
2000019,'1489841',1349,,68,33,,,0
2000019,'1489843',1304,,69,33,,,0
2000019,'1489847',1649,,70,33,,,0
2000019,'1489849',1736,,71,33,,,0
2000019,'1489850',2339,,72,33,,,0
2000019,'1489851',710,,73,33,,,0
2000019,'1489853',707,,74,33,,,0
