15000019,'1497501',1641,,223,25,,,0
15000019,'1497502',1126,,224,25,,,0
15000019,'1497503',1041,,225,25,,,0
15000019,'1497504',1256,,226,25,,,0
15000019,'1497505',956,,227,25,,,0
15000019,'1497506',1511,,228,25,,,0
15000019,'1497507',1726,,229,25,,,0
15000019,'1497508',1426,,230,25,,,0
15000019,'1497509',1211,,231,25,,,0
15000019,'1497510',1811,,232,25,,,0
15000019,'1497511',911,,233,25,,,0
15000019,'1497512',656,,234,25,,,0
15000019,'1497513',826,,235,25,,,0
15000019,'1497514',1341,,236,25,,,0
15000019,'1497515',1556,,237,25,,,0
15000019,'1497516',741,,238,25,,,0
15000019,'1497517',1040,,239,25,,,0
15000019,'1497518',1340,,240,25,,,0
15000019,'1497519',655,,241,25,,,0
15000019,'1497520',1510,,242,25,,,0
15000019,'1497521',2155,,243,25,,,0
15000019,'1497522',1940,,244,25,,,0
15000019,'1497523',2110,,245,25,,,0
15000019,'1497524',2325,,246,25,,,0
15000019,'1497525',825,,247,25,,,0
15000019,'1497526',1855,,248,25,,,0
15000019,'1497527',740,,249,25,,,0
15000019,'1497528',2240,,250,25,,,0
15000019,'1497529',955,,251,25,,,0
15000019,'1497530',1425,,252,25,,,0
15000019,'1497531',1640,,253,25,,,0
15000019,'1497532',1555,,254,25,,,0
15000019,'1497533',1810,,255,25,,,0
15000019,'1497534',1725,,256,25,,,0
15000019,'1497535',910,,257,25,,,0
15000019,'1497536',2025,,258,25,,,0
15000019,'1497537',1125,,259,25,,,0
15000019,'1497538',1210,,260,25,,,0
15000019,'1497539',1255,,261,25,,,0
15000019,'1497540',1212,,262,25,,,0
15000019,'1497544',1427,,263,25,,,0
15000019,'1497545',1727,,264,25,,,0
15000019,'1497548',1257,,265,25,,,0
15000019,'1497555',2027,,266,25,,,0
15000019,'1497556',1257,,267,25,,,0
15000019,'1497557',1042,,268,25,,,0
15000019,'1497559',827,,269,25,,,0
15000019,'1497560',1942,,270,25,,,0
15000019,'1497561',1727,,271,25,,,0
15000019,'1497562',657,,272,25,,,0
15000019,'1497563',1212,,273,25,,,0
15000019,'1497564',1512,,274,25,,,0
15000019,'1497566',1342,,275,25,,,0
15000019,'1497569',1857,,276,25,,,0
15000019,'1497573',742,,277,25,,,0
15000019,'1497575',1512,,278,25,,,0
15000019,'1497581',1812,,279,25,,,0
15000019,'1497582',912,,280,25,,,0
15000019,'1497585',1427,,281,25,,,0
15000019,'1497587',742,,282,25,,,0
15000019,'1497588',1127,,283,25,,,0
15000019,'1497589',1557,,284,25,,,0
15000019,'1497590',912,,285,25,,,0
15000019,'1497596',1557,,286,25,,,0
15000019,'1497598',827,,287,25,,,0
15000019,'1497599',1857,,288,25,,,0
15000019,'1497600',1342,,289,25,,,0
15000019,'1497601',1127,,290,25,,,0
15000019,'1497602',957,,291,25,,,0
15000019,'1497603',957,,292,25,,,0
15000019,'1497604',1042,,293,25,,,0
15000019,'1497605',1812,,294,25,,,0
15000019,'1497606',1642,,295,25,,,0
15000019,'1497607',1642,,296,25,,,0
