15000019,'1497501',1624,,223,13,,,0
15000019,'1497502',1109,,224,13,,,0
15000019,'1497503',1024,,225,13,,,0
15000019,'1497504',1239,,226,13,,,0
15000019,'1497505',939,,227,13,,,0
15000019,'1497506',1454,,228,13,,,0
15000019,'1497507',1709,,229,13,,,0
15000019,'1497508',1409,,230,13,,,0
15000019,'1497509',1154,,231,13,,,0
15000019,'1497510',1754,,232,13,,,0
15000019,'1497511',854,,233,13,,,0
15000019,'1497512',639,,234,13,,,0
15000019,'1497513',809,,235,13,,,0
15000019,'1497514',1324,,236,13,,,0
15000019,'1497515',1539,,237,13,,,0
15000019,'1497516',724,,238,13,,,0
15000019,'1497517',1024,,239,13,,,0
15000019,'1497518',1324,,240,13,,,0
15000019,'1497519',639,,241,13,,,0
15000019,'1497520',1454,,242,13,,,0
15000019,'1497521',2139,,243,13,,,0
15000019,'1497522',1924,,244,13,,,0
15000019,'1497523',2054,,245,13,,,0
15000019,'1497524',2309,,246,13,,,0
15000019,'1497525',809,,247,13,,,0
15000019,'1497526',1839,,248,13,,,0
15000019,'1497527',724,,249,13,,,0
15000019,'1497528',2224,,250,13,,,0
15000019,'1497529',939,,251,13,,,0
15000019,'1497530',1409,,252,13,,,0
15000019,'1497531',1624,,253,13,,,0
15000019,'1497532',1539,,254,13,,,0
15000019,'1497533',1754,,255,13,,,0
15000019,'1497534',1709,,256,13,,,0
15000019,'1497535',854,,257,13,,,0
15000019,'1497536',2009,,258,13,,,0
15000019,'1497537',1109,,259,13,,,0
15000019,'1497538',1154,,260,13,,,0
15000019,'1497539',1239,,261,13,,,0
15000019,'1497540',1155,,262,13,,,0
15000019,'1497544',1410,,263,13,,,0
15000019,'1497545',1710,,264,13,,,0
15000019,'1497548',1240,,265,13,,,0
15000019,'1497555',2010,,266,13,,,0
15000019,'1497556',1239,,267,13,,,0
15000019,'1497557',1024,,268,13,,,0
15000019,'1497559',809,,269,13,,,0
15000019,'1497560',1925,,270,13,,,0
15000019,'1497561',1709,,271,13,,,0
15000019,'1497562',640,,272,13,,,0
15000019,'1497563',1154,,273,13,,,0
15000019,'1497564',1454,,274,13,,,0
15000019,'1497566',1324,,275,13,,,0
15000019,'1497569',1840,,276,13,,,0
15000019,'1497573',725,,277,13,,,0
15000019,'1497575',1455,,278,13,,,0
15000019,'1497581',1754,,279,13,,,0
15000019,'1497582',854,,280,13,,,0
15000019,'1497585',1409,,281,13,,,0
15000019,'1497587',724,,282,13,,,0
15000019,'1497588',1110,,283,13,,,0
15000019,'1497589',1539,,284,13,,,0
15000019,'1497590',855,,285,13,,,0
15000019,'1497596',1540,,286,13,,,0
15000019,'1497598',810,,287,13,,,0
15000019,'1497599',1839,,288,13,,,0
15000019,'1497600',1325,,289,13,,,0
15000019,'1497601',1109,,290,13,,,0
15000019,'1497602',940,,291,13,,,0
15000019,'1497603',939,,292,13,,,0
15000019,'1497604',1025,,293,13,,,0
15000019,'1497605',1755,,294,13,,,0
15000019,'1497606',1625,,295,13,,,0
15000019,'1497607',1624,,296,13,,,0
