2000019,'1497450',1019,,149,4,,,0
2000019,'1497451',934,,150,4,,,0
2000019,'1497452',635,,151,4,,,0
2000019,'1497453',1534,,152,4,,,0
2000019,'1497454',1619,,153,4,,,0
2000019,'1497455',1104,,154,4,,,0
2000019,'1497456',719,,155,4,,,0
2000019,'1497457',849,,156,4,,,0
2000019,'1497458',1704,,157,4,,,0
2000019,'1497459',1149,,158,4,,,0
2000019,'1497460',1449,,159,4,,,0
2000019,'1497461',1319,,160,4,,,0
2000019,'1497462',1404,,161,4,,,0
2000019,'1497463',1749,,162,4,,,0
2000019,'1497464',804,,163,4,,,0
2000019,'1497465',1234,,164,4,,,0
2000019,'1497466',1104,,165,4,,,0
2000019,'1497467',2135,,166,4,,,0
2000019,'1497468',1404,,167,4,,,0
2000019,'1497469',1234,,168,4,,,0
2000019,'1497470',849,,169,4,,,0
2000019,'1497471',1704,,170,4,,,0
2000019,'1497472',2305,,171,4,,,0
2000019,'1497473',1319,,172,4,,,0
2000019,'1497474',1449,,173,4,,,0
2000019,'1497475',934,,174,4,,,0
2000019,'1497476',719,,175,4,,,0
2000019,'1497477',1833,,176,4,,,0
2000019,'1497478',1149,,177,4,,,0
2000019,'1497479',1619,,178,4,,,0
2000019,'1497480',1019,,179,4,,,0
2000019,'1497481',1534,,180,4,,,0
2000019,'1497482',2004,,181,4,,,0
2000019,'1497483',2220,,182,4,,,0
2000019,'1497484',635,,183,4,,,0
2000019,'1497485',1749,,184,4,,,0
2000019,'1497486',1918,,185,4,,,0
2000019,'1497487',2049,,186,4,,,0
2000019,'1497488',804,,187,4,,,0
2000019,'1497541',1320,,188,4,,,0
2000019,'1497542',720,,189,4,,,0
2000019,'1497543',850,,190,4,,,0
2000019,'1497546',1535,,191,4,,,0
2000019,'1497547',935,,192,4,,,0
2000019,'1497549',1150,,193,4,,,0
2000019,'1497550',635,,194,4,,,0
2000019,'1497551',1750,,195,4,,,0
2000019,'1497552',1405,,196,4,,,0
2000019,'1497553',805,,197,4,,,0
2000019,'1497554',1235,,198,4,,,0
2000019,'1497558',1150,,199,4,,,0
2000019,'1497565',1750,,200,4,,,0
2000019,'1497567',1620,,201,4,,,0
2000019,'1497568',1835,,202,4,,,0
2000019,'1497570',1450,,203,4,,,0
2000019,'1497571',1835,,204,4,,,0
2000019,'1497572',720,,205,4,,,0
2000019,'1497574',1920,,206,4,,,0
2000019,'1497576',1450,,207,4,,,0
2000019,'1497577',1235,,208,4,,,0
2000019,'1497578',1020,,209,4,,,0
2000019,'1497579',1535,,210,4,,,0
2000019,'1497580',850,,211,4,,,0
2000019,'1497583',1405,,212,4,,,0
2000019,'1497584',1105,,213,4,,,0
2000019,'1497586',1105,,214,4,,,0
2000019,'1497591',2005,,215,4,,,0
2000019,'1497592',1320,,216,4,,,0
2000019,'1497593',1705,,217,4,,,0
2000019,'1497594',1620,,218,4,,,0
2000019,'1497595',1020,,219,4,,,0
2000019,'1497597',935,,220,4,,,0
2000019,'1497608',1705,,221,4,,,0
2000019,'1497609',805,,222,4,,,0
