15000019,'1497501',1655,,223,35,,,0
15000019,'1497502',1140,,224,35,,,0
15000019,'1497503',1055,,225,35,,,0
15000019,'1497504',1310,,226,35,,,0
15000019,'1497505',1010,,227,35,,,0
15000019,'1497506',1525,,228,35,,,0
15000019,'1497507',1740,,229,35,,,0
15000019,'1497508',1440,,230,35,,,0
15000019,'1497509',1225,,231,35,,,0
15000019,'1497510',1825,,232,35,,,0
15000019,'1497511',925,,233,35,,,0
15000019,'1497512',710,,234,35,,,0
15000019,'1497513',840,,235,35,,,0
15000019,'1497514',1355,,236,35,,,0
15000019,'1497515',1610,,237,35,,,0
15000019,'1497516',755,,238,35,,,0
15000019,'1497517',1053,,239,35,,,0
15000019,'1497518',1353,,240,35,,,0
15000019,'1497519',708,,241,35,,,0
15000019,'1497520',1523,,242,35,,,0
15000019,'1497521',2208,,243,35,,,0
15000019,'1497522',1953,,244,35,,,0
15000019,'1497523',2123,,245,35,,,0
15000019,'1497524',2338,,246,35,,,0
15000019,'1497525',838,,247,35,,,0
15000019,'1497526',1908,,248,35,,,0
15000019,'1497527',753,,249,35,,,0
15000019,'1497528',2253,,250,35,,,0
15000019,'1497529',1008,,251,35,,,0
15000019,'1497530',1438,,252,35,,,0
15000019,'1497531',1653,,253,35,,,0
15000019,'1497532',1608,,254,35,,,0
15000019,'1497533',1823,,255,35,,,0
15000019,'1497534',1738,,256,35,,,0
15000019,'1497535',923,,257,35,,,0
15000019,'1497536',2038,,258,35,,,0
15000019,'1497537',1138,,259,35,,,0
15000019,'1497538',1223,,260,35,,,0
15000019,'1497539',1308,,261,35,,,0
15000019,'1497540',1223,,262,35,,,0
15000019,'1497544',1438,,263,35,,,0
15000019,'1497545',1738,,264,35,,,0
15000019,'1497548',1308,,265,35,,,0
15000019,'1497555',2038,,266,35,,,0
15000019,'1497556',1311,,267,35,,,0
15000019,'1497557',1056,,268,35,,,0
15000019,'1497559',841,,269,35,,,0
15000019,'1497560',1953,,270,35,,,0
15000019,'1497561',1741,,271,35,,,0
15000019,'1497562',708,,272,35,,,0
15000019,'1497563',1226,,273,35,,,0
15000019,'1497564',1526,,274,35,,,0
15000019,'1497566',1356,,275,35,,,0
15000019,'1497569',1908,,276,35,,,0
15000019,'1497573',753,,277,35,,,0
15000019,'1497575',1523,,278,35,,,0
15000019,'1497581',1826,,279,35,,,0
15000019,'1497582',926,,280,35,,,0
15000019,'1497585',1441,,281,35,,,0
15000019,'1497587',756,,282,35,,,0
15000019,'1497588',1138,,283,35,,,0
15000019,'1497589',1611,,284,35,,,0
15000019,'1497590',923,,285,35,,,0
15000019,'1497596',1608,,286,35,,,0
15000019,'1497598',838,,287,35,,,0
15000019,'1497599',1911,,288,35,,,0
15000019,'1497600',1353,,289,35,,,0
15000019,'1497601',1141,,290,35,,,0
15000019,'1497602',1008,,291,35,,,0
15000019,'1497603',1011,,292,35,,,0
15000019,'1497604',1053,,293,35,,,0
15000019,'1497605',1823,,294,35,,,0
15000019,'1497606',1653,,295,35,,,0
15000019,'1497607',1656,,296,35,,,0
