2000019,'1497450',1033,,149,20,,,0
2000019,'1497451',948,,150,20,,,0
2000019,'1497452',653,,151,20,,,0
2000019,'1497453',1548,,152,20,,,0
2000019,'1497454',1633,,153,20,,,0
2000019,'1497455',1118,,154,20,,,0
2000019,'1497456',733,,155,20,,,0
2000019,'1497457',903,,156,20,,,0
2000019,'1497458',1718,,157,20,,,0
2000019,'1497459',1203,,158,20,,,0
2000019,'1497460',1503,,159,20,,,0
2000019,'1497461',1333,,160,20,,,0
2000019,'1497462',1418,,161,20,,,0
2000019,'1497463',1803,,162,20,,,0
2000019,'1497464',818,,163,20,,,0
2000019,'1497465',1248,,164,20,,,0
2000019,'1497466',1118,,165,20,,,0
2000019,'1497467',2153,,166,20,,,0
2000019,'1497468',1418,,167,20,,,0
2000019,'1497469',1248,,168,20,,,0
2000019,'1497470',903,,169,20,,,0
2000019,'1497471',1718,,170,20,,,0
2000019,'1497472',2323,,171,20,,,0
2000019,'1497473',1333,,172,20,,,0
2000019,'1497474',1503,,173,20,,,0
2000019,'1497475',948,,174,20,,,0
2000019,'1497476',733,,175,20,,,0
2000019,'1497477',1846,,176,20,,,0
2000019,'1497478',1203,,177,20,,,0
2000019,'1497479',1633,,178,20,,,0
2000019,'1497480',1033,,179,20,,,0
2000019,'1497481',1548,,180,20,,,0
2000019,'1497482',2018,,181,20,,,0
2000019,'1497483',2238,,182,20,,,0
2000019,'1497484',653,,183,20,,,0
2000019,'1497485',1803,,184,20,,,0
2000019,'1497486',1931,,185,20,,,0
2000019,'1497487',2107,,186,20,,,0
2000019,'1497488',818,,187,20,,,0
2000019,'1497541',1337,,188,20,,,0
2000019,'1497542',735,,189,20,,,0
2000019,'1497543',905,,190,20,,,0
2000019,'1497546',1550,,191,20,,,0
2000019,'1497547',950,,192,20,,,0
2000019,'1497549',1205,,193,20,,,0
2000019,'1497550',650,,194,20,,,0
2000019,'1497551',1807,,195,20,,,0
2000019,'1497552',1422,,196,20,,,0
2000019,'1497553',822,,197,20,,,0
2000019,'1497554',1252,,198,20,,,0
2000019,'1497558',1207,,199,20,,,0
2000019,'1497565',1805,,200,20,,,0
2000019,'1497567',1635,,201,20,,,0
2000019,'1497568',1850,,202,20,,,0
2000019,'1497570',1507,,203,20,,,0
2000019,'1497571',1852,,204,20,,,0
2000019,'1497572',737,,205,20,,,0
2000019,'1497574',1935,,206,20,,,0
2000019,'1497576',1505,,207,20,,,0
2000019,'1497577',1250,,208,20,,,0
2000019,'1497578',1037,,209,20,,,0
2000019,'1497579',1552,,210,20,,,0
2000019,'1497580',907,,211,20,,,0
2000019,'1497583',1420,,212,20,,,0
2000019,'1497584',1122,,213,20,,,0
2000019,'1497586',1120,,214,20,,,0
2000019,'1497591',2020,,215,20,,,0
2000019,'1497592',1335,,216,20,,,0
2000019,'1497593',1722,,217,20,,,0
2000019,'1497594',1637,,218,20,,,0
2000019,'1497595',1035,,219,20,,,0
2000019,'1497597',952,,220,20,,,0
2000019,'1497608',1720,,221,20,,,0
2000019,'1497609',820,,222,20,,,0
