2000019,'1497450',1032,,149,18,,,0
2000019,'1497451',947,,150,18,,,0
2000019,'1497452',651,,151,18,,,0
2000019,'1497453',1547,,152,18,,,0
2000019,'1497454',1632,,153,18,,,0
2000019,'1497455',1117,,154,18,,,0
2000019,'1497456',732,,155,18,,,0
2000019,'1497457',902,,156,18,,,0
2000019,'1497458',1717,,157,18,,,0
2000019,'1497459',1202,,158,18,,,0
2000019,'1497460',1502,,159,18,,,0
2000019,'1497461',1332,,160,18,,,0
2000019,'1497462',1417,,161,18,,,0
2000019,'1497463',1802,,162,18,,,0
2000019,'1497464',817,,163,18,,,0
2000019,'1497465',1247,,164,18,,,0
2000019,'1497466',1117,,165,18,,,0
2000019,'1497467',2151,,166,18,,,0
2000019,'1497468',1417,,167,18,,,0
2000019,'1497469',1247,,168,18,,,0
2000019,'1497470',902,,169,18,,,0
2000019,'1497471',1717,,170,18,,,0
2000019,'1497472',2321,,171,18,,,0
2000019,'1497473',1332,,172,18,,,0
2000019,'1497474',1502,,173,18,,,0
2000019,'1497475',947,,174,18,,,0
2000019,'1497476',732,,175,18,,,0
2000019,'1497477',1845,,176,18,,,0
2000019,'1497478',1202,,177,18,,,0
2000019,'1497479',1632,,178,18,,,0
2000019,'1497480',1032,,179,18,,,0
2000019,'1497481',1547,,180,18,,,0
2000019,'1497482',2017,,181,18,,,0
2000019,'1497483',2236,,182,18,,,0
2000019,'1497484',651,,183,18,,,0
2000019,'1497485',1802,,184,18,,,0
2000019,'1497486',1930,,185,18,,,0
2000019,'1497487',2105,,186,18,,,0
2000019,'1497488',817,,187,18,,,0
2000019,'1497541',1335,,188,18,,,0
2000019,'1497542',733,,189,18,,,0
2000019,'1497543',903,,190,18,,,0
2000019,'1497546',1548,,191,18,,,0
2000019,'1497547',948,,192,18,,,0
2000019,'1497549',1203,,193,18,,,0
2000019,'1497550',648,,194,18,,,0
2000019,'1497551',1805,,195,18,,,0
2000019,'1497552',1420,,196,18,,,0
2000019,'1497553',820,,197,18,,,0
2000019,'1497554',1250,,198,18,,,0
2000019,'1497558',1205,,199,18,,,0
2000019,'1497565',1803,,200,18,,,0
2000019,'1497567',1633,,201,18,,,0
2000019,'1497568',1848,,202,18,,,0
2000019,'1497570',1505,,203,18,,,0
2000019,'1497571',1850,,204,18,,,0
2000019,'1497572',735,,205,18,,,0
2000019,'1497574',1933,,206,18,,,0
2000019,'1497576',1503,,207,18,,,0
2000019,'1497577',1248,,208,18,,,0
2000019,'1497578',1035,,209,18,,,0
2000019,'1497579',1550,,210,18,,,0
2000019,'1497580',905,,211,18,,,0
2000019,'1497583',1418,,212,18,,,0
2000019,'1497584',1120,,213,18,,,0
2000019,'1497586',1118,,214,18,,,0
2000019,'1497591',2018,,215,18,,,0
2000019,'1497592',1333,,216,18,,,0
2000019,'1497593',1720,,217,18,,,0
2000019,'1497594',1635,,218,18,,,0
2000019,'1497595',1033,,219,18,,,0
2000019,'1497597',950,,220,18,,,0
2000019,'1497608',1718,,221,18,,,0
2000019,'1497609',818,,222,18,,,0
