15000019,'1497501',1631,,223,18,,,0
15000019,'1497502',1116,,224,18,,,0
15000019,'1497503',1031,,225,18,,,0
15000019,'1497504',1246,,226,18,,,0
15000019,'1497505',946,,227,18,,,0
15000019,'1497506',1501,,228,18,,,0
15000019,'1497507',1716,,229,18,,,0
15000019,'1497508',1416,,230,18,,,0
15000019,'1497509',1201,,231,18,,,0
15000019,'1497510',1801,,232,18,,,0
15000019,'1497511',901,,233,18,,,0
15000019,'1497512',646,,234,18,,,0
15000019,'1497513',816,,235,18,,,0
15000019,'1497514',1331,,236,18,,,0
15000019,'1497515',1546,,237,18,,,0
15000019,'1497516',731,,238,18,,,0
15000019,'1497517',1031,,239,18,,,0
15000019,'1497518',1331,,240,18,,,0
15000019,'1497519',646,,241,18,,,0
15000019,'1497520',1501,,242,18,,,0
15000019,'1497521',2146,,243,18,,,0
15000019,'1497522',1931,,244,18,,,0
15000019,'1497523',2101,,245,18,,,0
15000019,'1497524',2316,,246,18,,,0
15000019,'1497525',816,,247,18,,,0
15000019,'1497526',1846,,248,18,,,0
15000019,'1497527',731,,249,18,,,0
15000019,'1497528',2231,,250,18,,,0
15000019,'1497529',946,,251,18,,,0
15000019,'1497530',1416,,252,18,,,0
15000019,'1497531',1631,,253,18,,,0
15000019,'1497532',1546,,254,18,,,0
15000019,'1497533',1801,,255,18,,,0
15000019,'1497534',1716,,256,18,,,0
15000019,'1497535',901,,257,18,,,0
15000019,'1497536',2016,,258,18,,,0
15000019,'1497537',1116,,259,18,,,0
15000019,'1497538',1201,,260,18,,,0
15000019,'1497539',1246,,261,18,,,0
15000019,'1497540',1202,,262,18,,,0
15000019,'1497544',1417,,263,18,,,0
15000019,'1497545',1717,,264,18,,,0
15000019,'1497548',1247,,265,18,,,0
15000019,'1497555',2017,,266,18,,,0
15000019,'1497556',1247,,267,18,,,0
15000019,'1497557',1032,,268,18,,,0
15000019,'1497559',817,,269,18,,,0
15000019,'1497560',1932,,270,18,,,0
15000019,'1497561',1717,,271,18,,,0
15000019,'1497562',647,,272,18,,,0
15000019,'1497563',1202,,273,18,,,0
15000019,'1497564',1502,,274,18,,,0
15000019,'1497566',1332,,275,18,,,0
15000019,'1497569',1847,,276,18,,,0
15000019,'1497573',732,,277,18,,,0
15000019,'1497575',1502,,278,18,,,0
15000019,'1497581',1802,,279,18,,,0
15000019,'1497582',902,,280,18,,,0
15000019,'1497585',1417,,281,18,,,0
15000019,'1497587',732,,282,18,,,0
15000019,'1497588',1117,,283,18,,,0
15000019,'1497589',1547,,284,18,,,0
15000019,'1497590',902,,285,18,,,0
15000019,'1497596',1547,,286,18,,,0
15000019,'1497598',817,,287,18,,,0
15000019,'1497599',1847,,288,18,,,0
15000019,'1497600',1332,,289,18,,,0
15000019,'1497601',1117,,290,18,,,0
15000019,'1497602',947,,291,18,,,0
15000019,'1497603',947,,292,18,,,0
15000019,'1497604',1032,,293,18,,,0
15000019,'1497605',1802,,294,18,,,0
15000019,'1497606',1632,,295,18,,,0
15000019,'1497607',1632,,296,18,,,0
