2000019,'1497450',1026,,149,13,,,0
2000019,'1497451',941,,150,13,,,0
2000019,'1497452',642,,151,13,,,0
2000019,'1497453',1541,,152,13,,,0
2000019,'1497454',1626,,153,13,,,0
2000019,'1497455',1111,,154,13,,,0
2000019,'1497456',726,,155,13,,,0
2000019,'1497457',856,,156,13,,,0
2000019,'1497458',1711,,157,13,,,0
2000019,'1497459',1156,,158,13,,,0
2000019,'1497460',1456,,159,13,,,0
2000019,'1497461',1326,,160,13,,,0
2000019,'1497462',1411,,161,13,,,0
2000019,'1497463',1756,,162,13,,,0
2000019,'1497464',811,,163,13,,,0
2000019,'1497465',1241,,164,13,,,0
2000019,'1497466',1111,,165,13,,,0
2000019,'1497467',2142,,166,13,,,0
2000019,'1497468',1411,,167,13,,,0
2000019,'1497469',1241,,168,13,,,0
2000019,'1497470',856,,169,13,,,0
2000019,'1497471',1711,,170,13,,,0
2000019,'1497472',2312,,171,13,,,0
2000019,'1497473',1326,,172,13,,,0
2000019,'1497474',1456,,173,13,,,0
2000019,'1497475',941,,174,13,,,0
2000019,'1497476',726,,175,13,,,0
2000019,'1497477',1840,,176,13,,,0
2000019,'1497478',1156,,177,13,,,0
2000019,'1497479',1626,,178,13,,,0
2000019,'1497480',1026,,179,13,,,0
2000019,'1497481',1541,,180,13,,,0
2000019,'1497482',2011,,181,13,,,0
2000019,'1497483',2227,,182,13,,,0
2000019,'1497484',642,,183,13,,,0
2000019,'1497485',1756,,184,13,,,0
2000019,'1497486',1925,,185,13,,,0
2000019,'1497487',2056,,186,13,,,0
2000019,'1497488',811,,187,13,,,0
2000019,'1497541',1327,,188,13,,,0
2000019,'1497542',726,,189,13,,,0
2000019,'1497543',856,,190,13,,,0
2000019,'1497546',1541,,191,13,,,0
2000019,'1497547',941,,192,13,,,0
2000019,'1497549',1156,,193,13,,,0
2000019,'1497550',641,,194,13,,,0
2000019,'1497551',1757,,195,13,,,0
2000019,'1497552',1412,,196,13,,,0
2000019,'1497553',812,,197,13,,,0
2000019,'1497554',1242,,198,13,,,0
2000019,'1497558',1157,,199,13,,,0
2000019,'1497565',1756,,200,13,,,0
2000019,'1497567',1626,,201,13,,,0
2000019,'1497568',1841,,202,13,,,0
2000019,'1497570',1457,,203,13,,,0
2000019,'1497571',1842,,204,13,,,0
2000019,'1497572',727,,205,13,,,0
2000019,'1497574',1926,,206,13,,,0
2000019,'1497576',1456,,207,13,,,0
2000019,'1497577',1241,,208,13,,,0
2000019,'1497578',1027,,209,13,,,0
2000019,'1497579',1542,,210,13,,,0
2000019,'1497580',857,,211,13,,,0
2000019,'1497583',1411,,212,13,,,0
2000019,'1497584',1112,,213,13,,,0
2000019,'1497586',1111,,214,13,,,0
2000019,'1497591',2011,,215,13,,,0
2000019,'1497592',1326,,216,13,,,0
2000019,'1497593',1712,,217,13,,,0
2000019,'1497594',1627,,218,13,,,0
2000019,'1497595',1026,,219,13,,,0
2000019,'1497597',942,,220,13,,,0
2000019,'1497608',1711,,221,13,,,0
2000019,'1497609',811,,222,13,,,0
