2000019,'1497450',1025,,149,12,,,0
2000019,'1497451',940,,150,12,,,0
2000019,'1497452',641,,151,12,,,0
2000019,'1497453',1540,,152,12,,,0
2000019,'1497454',1625,,153,12,,,0
2000019,'1497455',1110,,154,12,,,0
2000019,'1497456',725,,155,12,,,0
2000019,'1497457',855,,156,12,,,0
2000019,'1497458',1710,,157,12,,,0
2000019,'1497459',1155,,158,12,,,0
2000019,'1497460',1455,,159,12,,,0
2000019,'1497461',1325,,160,12,,,0
2000019,'1497462',1410,,161,12,,,0
2000019,'1497463',1755,,162,12,,,0
2000019,'1497464',810,,163,12,,,0
2000019,'1497465',1240,,164,12,,,0
2000019,'1497466',1110,,165,12,,,0
2000019,'1497467',2141,,166,12,,,0
2000019,'1497468',1410,,167,12,,,0
2000019,'1497469',1240,,168,12,,,0
2000019,'1497470',855,,169,12,,,0
2000019,'1497471',1710,,170,12,,,0
2000019,'1497472',2311,,171,12,,,0
2000019,'1497473',1325,,172,12,,,0
2000019,'1497474',1455,,173,12,,,0
2000019,'1497475',940,,174,12,,,0
2000019,'1497476',725,,175,12,,,0
2000019,'1497477',1839,,176,12,,,0
2000019,'1497478',1155,,177,12,,,0
2000019,'1497479',1625,,178,12,,,0
2000019,'1497480',1025,,179,12,,,0
2000019,'1497481',1540,,180,12,,,0
2000019,'1497482',2010,,181,12,,,0
2000019,'1497483',2226,,182,12,,,0
2000019,'1497484',641,,183,12,,,0
2000019,'1497485',1755,,184,12,,,0
2000019,'1497486',1924,,185,12,,,0
2000019,'1497487',2055,,186,12,,,0
2000019,'1497488',810,,187,12,,,0
2000019,'1497541',1325,,188,12,,,0
2000019,'1497542',725,,189,12,,,0
2000019,'1497543',855,,190,12,,,0
2000019,'1497546',1540,,191,12,,,0
2000019,'1497547',940,,192,12,,,0
2000019,'1497549',1155,,193,12,,,0
2000019,'1497550',640,,194,12,,,0
2000019,'1497551',1755,,195,12,,,0
2000019,'1497552',1410,,196,12,,,0
2000019,'1497553',810,,197,12,,,0
2000019,'1497554',1240,,198,12,,,0
2000019,'1497558',1155,,199,12,,,0
2000019,'1497565',1755,,200,12,,,0
2000019,'1497567',1625,,201,12,,,0
2000019,'1497568',1840,,202,12,,,0
2000019,'1497570',1455,,203,12,,,0
2000019,'1497571',1840,,204,12,,,0
2000019,'1497572',725,,205,12,,,0
2000019,'1497574',1925,,206,12,,,0
2000019,'1497576',1455,,207,12,,,0
2000019,'1497577',1240,,208,12,,,0
2000019,'1497578',1025,,209,12,,,0
2000019,'1497579',1540,,210,12,,,0
2000019,'1497580',855,,211,12,,,0
2000019,'1497583',1410,,212,12,,,0
2000019,'1497584',1110,,213,12,,,0
2000019,'1497586',1110,,214,12,,,0
2000019,'1497591',2010,,215,12,,,0
2000019,'1497592',1325,,216,12,,,0
2000019,'1497593',1710,,217,12,,,0
2000019,'1497594',1625,,218,12,,,0
2000019,'1497595',1025,,219,12,,,0
2000019,'1497597',940,,220,12,,,0
2000019,'1497608',1710,,221,12,,,0
2000019,'1497609',810,,222,12,,,0
