2000019,'1497450',1024,,149,11,,,0
2000019,'1497451',939,,150,11,,,0
2000019,'1497452',640,,151,11,,,0
2000019,'1497453',1539,,152,11,,,0
2000019,'1497454',1624,,153,11,,,0
2000019,'1497455',1109,,154,11,,,0
2000019,'1497456',724,,155,11,,,0
2000019,'1497457',854,,156,11,,,0
2000019,'1497458',1709,,157,11,,,0
2000019,'1497459',1154,,158,11,,,0
2000019,'1497460',1454,,159,11,,,0
2000019,'1497461',1324,,160,11,,,0
2000019,'1497462',1409,,161,11,,,0
2000019,'1497463',1754,,162,11,,,0
2000019,'1497464',809,,163,11,,,0
2000019,'1497465',1239,,164,11,,,0
2000019,'1497466',1109,,165,11,,,0
2000019,'1497467',2140,,166,11,,,0
2000019,'1497468',1409,,167,11,,,0
2000019,'1497469',1239,,168,11,,,0
2000019,'1497470',854,,169,11,,,0
2000019,'1497471',1709,,170,11,,,0
2000019,'1497472',2310,,171,11,,,0
2000019,'1497473',1324,,172,11,,,0
2000019,'1497474',1454,,173,11,,,0
2000019,'1497475',939,,174,11,,,0
2000019,'1497476',724,,175,11,,,0
2000019,'1497477',1838,,176,11,,,0
2000019,'1497478',1154,,177,11,,,0
2000019,'1497479',1624,,178,11,,,0
2000019,'1497480',1024,,179,11,,,0
2000019,'1497481',1539,,180,11,,,0
2000019,'1497482',2009,,181,11,,,0
2000019,'1497483',2225,,182,11,,,0
2000019,'1497484',640,,183,11,,,0
2000019,'1497485',1754,,184,11,,,0
2000019,'1497486',1923,,185,11,,,0
2000019,'1497487',2054,,186,11,,,0
2000019,'1497488',809,,187,11,,,0
2000019,'1497541',1324,,188,11,,,0
2000019,'1497542',724,,189,11,,,0
2000019,'1497543',854,,190,11,,,0
2000019,'1497546',1539,,191,11,,,0
2000019,'1497547',939,,192,11,,,0
2000019,'1497549',1154,,193,11,,,0
2000019,'1497550',639,,194,11,,,0
2000019,'1497551',1754,,195,11,,,0
2000019,'1497552',1409,,196,11,,,0
2000019,'1497553',809,,197,11,,,0
2000019,'1497554',1239,,198,11,,,0
2000019,'1497558',1154,,199,11,,,0
2000019,'1497565',1754,,200,11,,,0
2000019,'1497567',1624,,201,11,,,0
2000019,'1497568',1839,,202,11,,,0
2000019,'1497570',1454,,203,11,,,0
2000019,'1497571',1839,,204,11,,,0
2000019,'1497572',724,,205,11,,,0
2000019,'1497574',1924,,206,11,,,0
2000019,'1497576',1454,,207,11,,,0
2000019,'1497577',1239,,208,11,,,0
2000019,'1497578',1024,,209,11,,,0
2000019,'1497579',1539,,210,11,,,0
2000019,'1497580',854,,211,11,,,0
2000019,'1497583',1409,,212,11,,,0
2000019,'1497584',1109,,213,11,,,0
2000019,'1497586',1109,,214,11,,,0
2000019,'1497591',2009,,215,11,,,0
2000019,'1497592',1324,,216,11,,,0
2000019,'1497593',1709,,217,11,,,0
2000019,'1497594',1624,,218,11,,,0
2000019,'1497595',1024,,219,11,,,0
2000019,'1497597',939,,220,11,,,0
2000019,'1497608',1709,,221,11,,,0
2000019,'1497609',809,,222,11,,,0
