2000019,'1497450',1023,,149,10,,,0
2000019,'1497451',938,,150,10,,,0
2000019,'1497452',638,,151,10,,,0
2000019,'1497453',1538,,152,10,,,0
2000019,'1497454',1623,,153,10,,,0
2000019,'1497455',1108,,154,10,,,0
2000019,'1497456',723,,155,10,,,0
2000019,'1497457',853,,156,10,,,0
2000019,'1497458',1708,,157,10,,,0
2000019,'1497459',1153,,158,10,,,0
2000019,'1497460',1453,,159,10,,,0
2000019,'1497461',1323,,160,10,,,0
2000019,'1497462',1408,,161,10,,,0
2000019,'1497463',1753,,162,10,,,0
2000019,'1497464',808,,163,10,,,0
2000019,'1497465',1238,,164,10,,,0
2000019,'1497466',1108,,165,10,,,0
2000019,'1497467',2138,,166,10,,,0
2000019,'1497468',1408,,167,10,,,0
2000019,'1497469',1238,,168,10,,,0
2000019,'1497470',853,,169,10,,,0
2000019,'1497471',1708,,170,10,,,0
2000019,'1497472',2308,,171,10,,,0
2000019,'1497473',1323,,172,10,,,0
2000019,'1497474',1453,,173,10,,,0
2000019,'1497475',938,,174,10,,,0
2000019,'1497476',723,,175,10,,,0
2000019,'1497477',1837,,176,10,,,0
2000019,'1497478',1153,,177,10,,,0
2000019,'1497479',1623,,178,10,,,0
2000019,'1497480',1023,,179,10,,,0
2000019,'1497481',1538,,180,10,,,0
2000019,'1497482',2008,,181,10,,,0
2000019,'1497483',2223,,182,10,,,0
2000019,'1497484',638,,183,10,,,0
2000019,'1497485',1753,,184,10,,,0
2000019,'1497486',1922,,185,10,,,0
2000019,'1497487',2053,,186,10,,,0
2000019,'1497488',808,,187,10,,,0
2000019,'1497541',1323,,188,10,,,0
2000019,'1497542',723,,189,10,,,0
2000019,'1497543',853,,190,10,,,0
2000019,'1497546',1538,,191,10,,,0
2000019,'1497547',938,,192,10,,,0
2000019,'1497549',1153,,193,10,,,0
2000019,'1497550',638,,194,10,,,0
2000019,'1497551',1753,,195,10,,,0
2000019,'1497552',1408,,196,10,,,0
2000019,'1497553',808,,197,10,,,0
2000019,'1497554',1238,,198,10,,,0
2000019,'1497558',1153,,199,10,,,0
2000019,'1497565',1753,,200,10,,,0
2000019,'1497567',1623,,201,10,,,0
2000019,'1497568',1838,,202,10,,,0
2000019,'1497570',1453,,203,10,,,0
2000019,'1497571',1838,,204,10,,,0
2000019,'1497572',723,,205,10,,,0
2000019,'1497574',1923,,206,10,,,0
2000019,'1497576',1453,,207,10,,,0
2000019,'1497577',1238,,208,10,,,0
2000019,'1497578',1023,,209,10,,,0
2000019,'1497579',1538,,210,10,,,0
2000019,'1497580',853,,211,10,,,0
2000019,'1497583',1408,,212,10,,,0
2000019,'1497584',1108,,213,10,,,0
2000019,'1497586',1108,,214,10,,,0
2000019,'1497591',2008,,215,10,,,0
2000019,'1497592',1323,,216,10,,,0
2000019,'1497593',1708,,217,10,,,0
2000019,'1497594',1623,,218,10,,,0
2000019,'1497595',1023,,219,10,,,0
2000019,'1497597',938,,220,10,,,0
2000019,'1497608',1708,,221,10,,,0
2000019,'1497609',808,,222,10,,,0
