15000019,'1497501',1630,,223,15,,,0
15000019,'1497502',1115,,224,15,,,0
15000019,'1497503',1030,,225,15,,,0
15000019,'1497504',1245,,226,15,,,0
15000019,'1497505',945,,227,15,,,0
15000019,'1497506',1500,,228,15,,,0
15000019,'1497507',1715,,229,15,,,0
15000019,'1497508',1415,,230,15,,,0
15000019,'1497509',1200,,231,15,,,0
15000019,'1497510',1800,,232,15,,,0
15000019,'1497511',900,,233,15,,,0
15000019,'1497512',645,,234,15,,,0
15000019,'1497513',815,,235,15,,,0
15000019,'1497514',1330,,236,15,,,0
15000019,'1497515',1545,,237,15,,,0
15000019,'1497516',730,,238,15,,,0
15000019,'1497517',1029,,239,15,,,0
15000019,'1497518',1329,,240,15,,,0
15000019,'1497519',644,,241,15,,,0
15000019,'1497520',1459,,242,15,,,0
15000019,'1497521',2144,,243,15,,,0
15000019,'1497522',1929,,244,15,,,0
15000019,'1497523',2059,,245,15,,,0
15000019,'1497524',2314,,246,15,,,0
15000019,'1497525',814,,247,15,,,0
15000019,'1497526',1844,,248,15,,,0
15000019,'1497527',729,,249,15,,,0
15000019,'1497528',2229,,250,15,,,0
15000019,'1497529',944,,251,15,,,0
15000019,'1497530',1414,,252,15,,,0
15000019,'1497531',1629,,253,15,,,0
15000019,'1497532',1544,,254,15,,,0
15000019,'1497533',1759,,255,15,,,0
15000019,'1497534',1714,,256,15,,,0
15000019,'1497535',859,,257,15,,,0
15000019,'1497536',2014,,258,15,,,0
15000019,'1497537',1114,,259,15,,,0
15000019,'1497538',1159,,260,15,,,0
15000019,'1497539',1244,,261,15,,,0
15000019,'1497540',1201,,262,15,,,0
15000019,'1497544',1416,,263,15,,,0
15000019,'1497545',1716,,264,15,,,0
15000019,'1497548',1246,,265,15,,,0
15000019,'1497555',2016,,266,15,,,0
15000019,'1497556',1245,,267,15,,,0
15000019,'1497557',1030,,268,15,,,0
15000019,'1497559',815,,269,15,,,0
15000019,'1497560',1931,,270,15,,,0
15000019,'1497561',1715,,271,15,,,0
15000019,'1497562',646,,272,15,,,0
15000019,'1497563',1200,,273,15,,,0
15000019,'1497564',1500,,274,15,,,0
15000019,'1497566',1330,,275,15,,,0
15000019,'1497569',1846,,276,15,,,0
15000019,'1497573',731,,277,15,,,0
15000019,'1497575',1501,,278,15,,,0
15000019,'1497581',1800,,279,15,,,0
15000019,'1497582',900,,280,15,,,0
15000019,'1497585',1415,,281,15,,,0
15000019,'1497587',730,,282,15,,,0
15000019,'1497588',1116,,283,15,,,0
15000019,'1497589',1545,,284,15,,,0
15000019,'1497590',901,,285,15,,,0
15000019,'1497596',1546,,286,15,,,0
15000019,'1497598',816,,287,15,,,0
15000019,'1497599',1845,,288,15,,,0
15000019,'1497600',1331,,289,15,,,0
15000019,'1497601',1115,,290,15,,,0
15000019,'1497602',946,,291,15,,,0
15000019,'1497603',945,,292,15,,,0
15000019,'1497604',1031,,293,15,,,0
15000019,'1497605',1801,,294,15,,,0
15000019,'1497606',1631,,295,15,,,0
15000019,'1497607',1630,,296,15,,,0
