15000019,'1497501',1649,,223,31,,,0
15000019,'1497502',1134,,224,31,,,0
15000019,'1497503',1049,,225,31,,,0
15000019,'1497504',1304,,226,31,,,0
15000019,'1497505',1004,,227,31,,,0
15000019,'1497506',1519,,228,31,,,0
15000019,'1497507',1734,,229,31,,,0
15000019,'1497508',1434,,230,31,,,0
15000019,'1497509',1219,,231,31,,,0
15000019,'1497510',1819,,232,31,,,0
15000019,'1497511',919,,233,31,,,0
15000019,'1497512',704,,234,31,,,0
15000019,'1497513',834,,235,31,,,0
15000019,'1497514',1349,,236,31,,,0
15000019,'1497515',1604,,237,31,,,0
15000019,'1497516',749,,238,31,,,0
15000019,'1497517',1047,,239,31,,,0
15000019,'1497518',1347,,240,31,,,0
15000019,'1497519',702,,241,31,,,0
15000019,'1497520',1517,,242,31,,,0
15000019,'1497521',2202,,243,31,,,0
15000019,'1497522',1947,,244,31,,,0
15000019,'1497523',2117,,245,31,,,0
15000019,'1497524',2332,,246,31,,,0
15000019,'1497525',832,,247,31,,,0
15000019,'1497526',1902,,248,31,,,0
15000019,'1497527',747,,249,31,,,0
15000019,'1497528',2247,,250,31,,,0
15000019,'1497529',1002,,251,31,,,0
15000019,'1497530',1432,,252,31,,,0
15000019,'1497531',1647,,253,31,,,0
15000019,'1497532',1602,,254,31,,,0
15000019,'1497533',1817,,255,31,,,0
15000019,'1497534',1732,,256,31,,,0
15000019,'1497535',917,,257,31,,,0
15000019,'1497536',2032,,258,31,,,0
15000019,'1497537',1132,,259,31,,,0
15000019,'1497538',1217,,260,31,,,0
15000019,'1497539',1302,,261,31,,,0
15000019,'1497540',1218,,262,31,,,0
15000019,'1497544',1433,,263,31,,,0
15000019,'1497545',1733,,264,31,,,0
15000019,'1497548',1303,,265,31,,,0
15000019,'1497555',2033,,266,31,,,0
15000019,'1497556',1305,,267,31,,,0
15000019,'1497557',1050,,268,31,,,0
15000019,'1497559',835,,269,31,,,0
15000019,'1497560',1948,,270,31,,,0
15000019,'1497561',1735,,271,31,,,0
15000019,'1497562',703,,272,31,,,0
15000019,'1497563',1220,,273,31,,,0
15000019,'1497564',1520,,274,31,,,0
15000019,'1497566',1350,,275,31,,,0
15000019,'1497569',1903,,276,31,,,0
15000019,'1497573',748,,277,31,,,0
15000019,'1497575',1518,,278,31,,,0
15000019,'1497581',1820,,279,31,,,0
15000019,'1497582',920,,280,31,,,0
15000019,'1497585',1435,,281,31,,,0
15000019,'1497587',750,,282,31,,,0
15000019,'1497588',1133,,283,31,,,0
15000019,'1497589',1605,,284,31,,,0
15000019,'1497590',918,,285,31,,,0
15000019,'1497596',1603,,286,31,,,0
15000019,'1497598',833,,287,31,,,0
15000019,'1497599',1905,,288,31,,,0
15000019,'1497600',1348,,289,31,,,0
15000019,'1497601',1135,,290,31,,,0
15000019,'1497602',1003,,291,31,,,0
15000019,'1497603',1005,,292,31,,,0
15000019,'1497604',1048,,293,31,,,0
15000019,'1497605',1818,,294,31,,,0
15000019,'1497606',1648,,295,31,,,0
15000019,'1497607',1650,,296,31,,,0
