2000019,'1497450',1032,,149,19,,,0
2000019,'1497451',947,,150,19,,,0
2000019,'1497452',652,,151,19,,,0
2000019,'1497453',1547,,152,19,,,0
2000019,'1497454',1632,,153,19,,,0
2000019,'1497455',1117,,154,19,,,0
2000019,'1497456',732,,155,19,,,0
2000019,'1497457',902,,156,19,,,0
2000019,'1497458',1717,,157,19,,,0
2000019,'1497459',1202,,158,19,,,0
2000019,'1497460',1502,,159,19,,,0
2000019,'1497461',1332,,160,19,,,0
2000019,'1497462',1417,,161,19,,,0
2000019,'1497463',1802,,162,19,,,0
2000019,'1497464',817,,163,19,,,0
2000019,'1497465',1247,,164,19,,,0
2000019,'1497466',1117,,165,19,,,0
2000019,'1497467',2152,,166,19,,,0
2000019,'1497468',1417,,167,19,,,0
2000019,'1497469',1247,,168,19,,,0
2000019,'1497470',902,,169,19,,,0
2000019,'1497471',1717,,170,19,,,0
2000019,'1497472',2322,,171,19,,,0
2000019,'1497473',1332,,172,19,,,0
2000019,'1497474',1502,,173,19,,,0
2000019,'1497475',947,,174,19,,,0
2000019,'1497476',732,,175,19,,,0
2000019,'1497477',1846,,176,19,,,0
2000019,'1497478',1202,,177,19,,,0
2000019,'1497479',1632,,178,19,,,0
2000019,'1497480',1032,,179,19,,,0
2000019,'1497481',1547,,180,19,,,0
2000019,'1497482',2017,,181,19,,,0
2000019,'1497483',2237,,182,19,,,0
2000019,'1497484',652,,183,19,,,0
2000019,'1497485',1802,,184,19,,,0
2000019,'1497486',1931,,185,19,,,0
2000019,'1497487',2107,,186,19,,,0
2000019,'1497488',817,,187,19,,,0
2000019,'1497541',1336,,188,19,,,0
2000019,'1497542',735,,189,19,,,0
2000019,'1497543',905,,190,19,,,0
2000019,'1497546',1550,,191,19,,,0
2000019,'1497547',950,,192,19,,,0
2000019,'1497549',1205,,193,19,,,0
2000019,'1497550',650,,194,19,,,0
2000019,'1497551',1806,,195,19,,,0
2000019,'1497552',1421,,196,19,,,0
2000019,'1497553',821,,197,19,,,0
2000019,'1497554',1251,,198,19,,,0
2000019,'1497558',1206,,199,19,,,0
2000019,'1497565',1805,,200,19,,,0
2000019,'1497567',1635,,201,19,,,0
2000019,'1497568',1850,,202,19,,,0
2000019,'1497570',1506,,203,19,,,0
2000019,'1497571',1851,,204,19,,,0
2000019,'1497572',736,,205,19,,,0
2000019,'1497574',1935,,206,19,,,0
2000019,'1497576',1505,,207,19,,,0
2000019,'1497577',1250,,208,19,,,0
2000019,'1497578',1036,,209,19,,,0
2000019,'1497579',1551,,210,19,,,0
2000019,'1497580',906,,211,19,,,0
2000019,'1497583',1420,,212,19,,,0
2000019,'1497584',1121,,213,19,,,0
2000019,'1497586',1120,,214,19,,,0
2000019,'1497591',2020,,215,19,,,0
2000019,'1497592',1335,,216,19,,,0
2000019,'1497593',1721,,217,19,,,0
2000019,'1497594',1636,,218,19,,,0
2000019,'1497595',1035,,219,19,,,0
2000019,'1497597',951,,220,19,,,0
2000019,'1497608',1720,,221,19,,,0
2000019,'1497609',820,,222,19,,,0
