2000019,'1497450',1049,,149,33,,,0
2000019,'1497451',1004,,150,33,,,0
2000019,'1497452',709,,151,33,,,0
2000019,'1497453',1604,,152,33,,,0
2000019,'1497454',1649,,153,33,,,0
2000019,'1497455',1134,,154,33,,,0
2000019,'1497456',749,,155,33,,,0
2000019,'1497457',919,,156,33,,,0
2000019,'1497458',1734,,157,33,,,0
2000019,'1497459',1219,,158,33,,,0
2000019,'1497460',1519,,159,33,,,0
2000019,'1497461',1349,,160,33,,,0
2000019,'1497462',1434,,161,33,,,0
2000019,'1497463',1819,,162,33,,,0
2000019,'1497464',834,,163,33,,,0
2000019,'1497465',1304,,164,33,,,0
2000019,'1497466',1134,,165,33,,,0
2000019,'1497467',2209,,166,33,,,0
2000019,'1497468',1434,,167,33,,,0
2000019,'1497469',1304,,168,33,,,0
2000019,'1497470',919,,169,33,,,0
2000019,'1497471',1734,,170,33,,,0
2000019,'1497472',2339,,171,33,,,0
2000019,'1497473',1349,,172,33,,,0
2000019,'1497474',1519,,173,33,,,0
2000019,'1497475',1004,,174,33,,,0
2000019,'1497476',749,,175,33,,,0
2000019,'1497477',1902,,176,33,,,0
2000019,'1497478',1219,,177,33,,,0
2000019,'1497479',1649,,178,33,,,0
2000019,'1497480',1049,,179,33,,,0
2000019,'1497481',1604,,180,33,,,0
2000019,'1497482',2031,,181,33,,,0
2000019,'1497483',2254,,182,33,,,0
2000019,'1497484',709,,183,33,,,0
2000019,'1497485',1819,,184,33,,,0
2000019,'1497486',1945,,185,33,,,0
2000019,'1497487',2124,,186,33,,,0
2000019,'1497488',834,,187,33,,,0
2000019,'1497541',1353,,188,33,,,0
2000019,'1497542',752,,189,33,,,0
2000019,'1497543',922,,190,33,,,0
2000019,'1497546',1607,,191,33,,,0
2000019,'1497547',1007,,192,33,,,0
2000019,'1497549',1222,,193,33,,,0
2000019,'1497550',707,,194,33,,,0
2000019,'1497551',1823,,195,33,,,0
2000019,'1497552',1438,,196,33,,,0
2000019,'1497553',838,,197,33,,,0
2000019,'1497554',1308,,198,33,,,0
2000019,'1497558',1223,,199,33,,,0
2000019,'1497565',1822,,200,33,,,0
2000019,'1497567',1652,,201,33,,,0
2000019,'1497568',1907,,202,33,,,0
2000019,'1497570',1523,,203,33,,,0
2000019,'1497571',1908,,204,33,,,0
2000019,'1497572',753,,205,33,,,0
2000019,'1497574',1952,,206,33,,,0
2000019,'1497576',1522,,207,33,,,0
2000019,'1497577',1307,,208,33,,,0
2000019,'1497578',1053,,209,33,,,0
2000019,'1497579',1608,,210,33,,,0
2000019,'1497580',923,,211,33,,,0
2000019,'1497583',1437,,212,33,,,0
2000019,'1497584',1138,,213,33,,,0
2000019,'1497586',1137,,214,33,,,0
2000019,'1497591',2037,,215,33,,,0
2000019,'1497592',1352,,216,33,,,0
2000019,'1497593',1738,,217,33,,,0
2000019,'1497594',1653,,218,33,,,0
2000019,'1497595',1052,,219,33,,,0
2000019,'1497597',1008,,220,33,,,0
2000019,'1497608',1737,,221,33,,,0
2000019,'1497609',837,,222,33,,,0
