15000019,'1497501',1640,,223,24,,,0
15000019,'1497502',1125,,224,24,,,0
15000019,'1497503',1040,,225,24,,,0
15000019,'1497504',1255,,226,24,,,0
15000019,'1497505',955,,227,24,,,0
15000019,'1497506',1510,,228,24,,,0
15000019,'1497507',1725,,229,24,,,0
15000019,'1497508',1425,,230,24,,,0
15000019,'1497509',1210,,231,24,,,0
15000019,'1497510',1810,,232,24,,,0
15000019,'1497511',910,,233,24,,,0
15000019,'1497512',655,,234,24,,,0
15000019,'1497513',825,,235,24,,,0
15000019,'1497514',1340,,236,24,,,0
15000019,'1497515',1555,,237,24,,,0
15000019,'1497516',740,,238,24,,,0
15000019,'1497517',1039,,239,24,,,0
15000019,'1497518',1339,,240,24,,,0
15000019,'1497519',654,,241,24,,,0
15000019,'1497520',1509,,242,24,,,0
15000019,'1497521',2154,,243,24,,,0
15000019,'1497522',1939,,244,24,,,0
15000019,'1497523',2109,,245,24,,,0
15000019,'1497524',2324,,246,24,,,0
15000019,'1497525',824,,247,24,,,0
15000019,'1497526',1854,,248,24,,,0
15000019,'1497527',739,,249,24,,,0
15000019,'1497528',2239,,250,24,,,0
15000019,'1497529',954,,251,24,,,0
15000019,'1497530',1424,,252,24,,,0
15000019,'1497531',1639,,253,24,,,0
15000019,'1497532',1554,,254,24,,,0
15000019,'1497533',1809,,255,24,,,0
15000019,'1497534',1724,,256,24,,,0
15000019,'1497535',909,,257,24,,,0
15000019,'1497536',2024,,258,24,,,0
15000019,'1497537',1124,,259,24,,,0
15000019,'1497538',1209,,260,24,,,0
15000019,'1497539',1254,,261,24,,,0
15000019,'1497540',1211,,262,24,,,0
15000019,'1497544',1426,,263,24,,,0
15000019,'1497545',1726,,264,24,,,0
15000019,'1497548',1256,,265,24,,,0
15000019,'1497555',2026,,266,24,,,0
15000019,'1497556',1256,,267,24,,,0
15000019,'1497557',1041,,268,24,,,0
15000019,'1497559',826,,269,24,,,0
15000019,'1497560',1941,,270,24,,,0
15000019,'1497561',1726,,271,24,,,0
15000019,'1497562',656,,272,24,,,0
15000019,'1497563',1211,,273,24,,,0
15000019,'1497564',1511,,274,24,,,0
15000019,'1497566',1341,,275,24,,,0
15000019,'1497569',1856,,276,24,,,0
15000019,'1497573',741,,277,24,,,0
15000019,'1497575',1511,,278,24,,,0
15000019,'1497581',1811,,279,24,,,0
15000019,'1497582',911,,280,24,,,0
15000019,'1497585',1426,,281,24,,,0
15000019,'1497587',741,,282,24,,,0
15000019,'1497588',1126,,283,24,,,0
15000019,'1497589',1556,,284,24,,,0
15000019,'1497590',911,,285,24,,,0
15000019,'1497596',1556,,286,24,,,0
15000019,'1497598',826,,287,24,,,0
15000019,'1497599',1856,,288,24,,,0
15000019,'1497600',1341,,289,24,,,0
15000019,'1497601',1126,,290,24,,,0
15000019,'1497602',956,,291,24,,,0
15000019,'1497603',956,,292,24,,,0
15000019,'1497604',1041,,293,24,,,0
15000019,'1497605',1811,,294,24,,,0
15000019,'1497606',1641,,295,24,,,0
15000019,'1497607',1641,,296,24,,,0
