2000019,'1497450',1052,,149,37,,,0
2000019,'1497451',1007,,150,37,,,0
2000019,'1497452',713,,151,37,,,0
2000019,'1497453',1607,,152,37,,,0
2000019,'1497454',1652,,153,37,,,0
2000019,'1497455',1137,,154,37,,,0
2000019,'1497456',752,,155,37,,,0
2000019,'1497457',922,,156,37,,,0
2000019,'1497458',1737,,157,37,,,0
2000019,'1497459',1222,,158,37,,,0
2000019,'1497460',1522,,159,37,,,0
2000019,'1497461',1352,,160,37,,,0
2000019,'1497462',1437,,161,37,,,0
2000019,'1497463',1822,,162,37,,,0
2000019,'1497464',837,,163,37,,,0
2000019,'1497465',1307,,164,37,,,0
2000019,'1497466',1137,,165,37,,,0
2000019,'1497467',2213,,166,37,,,0
2000019,'1497468',1437,,167,37,,,0
2000019,'1497469',1307,,168,37,,,0
2000019,'1497470',922,,169,37,,,0
2000019,'1497471',1737,,170,37,,,0
2000019,'1497472',2343,,171,37,,,0
2000019,'1497473',1352,,172,37,,,0
2000019,'1497474',1522,,173,37,,,0
2000019,'1497475',1007,,174,37,,,0
2000019,'1497476',752,,175,37,,,0
2000019,'1497477',1905,,176,37,,,0
2000019,'1497478',1222,,177,37,,,0
2000019,'1497479',1652,,178,37,,,0
2000019,'1497480',1052,,179,37,,,0
2000019,'1497481',1607,,180,37,,,0
2000019,'1497482',2035,,181,37,,,0
2000019,'1497483',2258,,182,37,,,0
2000019,'1497484',713,,183,37,,,0
2000019,'1497485',1822,,184,37,,,0
2000019,'1497486',1948,,185,37,,,0
2000019,'1497487',2127,,186,37,,,0
2000019,'1497488',837,,187,37,,,0
2000019,'1497541',1356,,188,37,,,0
2000019,'1497542',755,,189,37,,,0
2000019,'1497543',925,,190,37,,,0
2000019,'1497546',1610,,191,37,,,0
2000019,'1497547',1010,,192,37,,,0
2000019,'1497549',1225,,193,37,,,0
2000019,'1497550',710,,194,37,,,0
2000019,'1497551',1826,,195,37,,,0
2000019,'1497552',1441,,196,37,,,0
2000019,'1497553',841,,197,37,,,0
2000019,'1497554',1311,,198,37,,,0
2000019,'1497558',1226,,199,37,,,0
2000019,'1497565',1825,,200,37,,,0
2000019,'1497567',1655,,201,37,,,0
2000019,'1497568',1910,,202,37,,,0
2000019,'1497570',1526,,203,37,,,0
2000019,'1497571',1911,,204,37,,,0
2000019,'1497572',756,,205,37,,,0
2000019,'1497574',1955,,206,37,,,0
2000019,'1497576',1525,,207,37,,,0
2000019,'1497577',1310,,208,37,,,0
2000019,'1497578',1056,,209,37,,,0
2000019,'1497579',1611,,210,37,,,0
2000019,'1497580',926,,211,37,,,0
2000019,'1497583',1440,,212,37,,,0
2000019,'1497584',1141,,213,37,,,0
2000019,'1497586',1140,,214,37,,,0
2000019,'1497591',2040,,215,37,,,0
2000019,'1497592',1355,,216,37,,,0
2000019,'1497593',1741,,217,37,,,0
2000019,'1497594',1656,,218,37,,,0
2000019,'1497595',1055,,219,37,,,0
2000019,'1497597',1011,,220,37,,,0
2000019,'1497608',1740,,221,37,,,0
2000019,'1497609',840,,222,37,,,0
