2000019,'1497450',1022,,149,8,,,0
2000019,'1497451',937,,150,8,,,0
2000019,'1497452',637,,151,8,,,0
2000019,'1497453',1537,,152,8,,,0
2000019,'1497454',1622,,153,8,,,0
2000019,'1497455',1107,,154,8,,,0
2000019,'1497456',722,,155,8,,,0
2000019,'1497457',852,,156,8,,,0
2000019,'1497458',1707,,157,8,,,0
2000019,'1497459',1152,,158,8,,,0
2000019,'1497460',1452,,159,8,,,0
2000019,'1497461',1322,,160,8,,,0
2000019,'1497462',1407,,161,8,,,0
2000019,'1497463',1752,,162,8,,,0
2000019,'1497464',807,,163,8,,,0
2000019,'1497465',1237,,164,8,,,0
2000019,'1497466',1107,,165,8,,,0
2000019,'1497467',2137,,166,8,,,0
2000019,'1497468',1407,,167,8,,,0
2000019,'1497469',1237,,168,8,,,0
2000019,'1497470',852,,169,8,,,0
2000019,'1497471',1707,,170,8,,,0
2000019,'1497472',2307,,171,8,,,0
2000019,'1497473',1322,,172,8,,,0
2000019,'1497474',1452,,173,8,,,0
2000019,'1497475',937,,174,8,,,0
2000019,'1497476',722,,175,8,,,0
2000019,'1497477',1836,,176,8,,,0
2000019,'1497478',1152,,177,8,,,0
2000019,'1497479',1622,,178,8,,,0
2000019,'1497480',1022,,179,8,,,0
2000019,'1497481',1537,,180,8,,,0
2000019,'1497482',2007,,181,8,,,0
2000019,'1497483',2222,,182,8,,,0
2000019,'1497484',637,,183,8,,,0
2000019,'1497485',1752,,184,8,,,0
2000019,'1497486',1921,,185,8,,,0
2000019,'1497487',2052,,186,8,,,0
2000019,'1497488',807,,187,8,,,0
2000019,'1497541',1322,,188,8,,,0
2000019,'1497542',722,,189,8,,,0
2000019,'1497543',852,,190,8,,,0
2000019,'1497546',1537,,191,8,,,0
2000019,'1497547',937,,192,8,,,0
2000019,'1497549',1152,,193,8,,,0
2000019,'1497550',637,,194,8,,,0
2000019,'1497551',1752,,195,8,,,0
2000019,'1497552',1407,,196,8,,,0
2000019,'1497553',807,,197,8,,,0
2000019,'1497554',1237,,198,8,,,0
2000019,'1497558',1152,,199,8,,,0
2000019,'1497565',1752,,200,8,,,0
2000019,'1497567',1622,,201,8,,,0
2000019,'1497568',1837,,202,8,,,0
2000019,'1497570',1452,,203,8,,,0
2000019,'1497571',1837,,204,8,,,0
2000019,'1497572',722,,205,8,,,0
2000019,'1497574',1922,,206,8,,,0
2000019,'1497576',1452,,207,8,,,0
2000019,'1497577',1237,,208,8,,,0
2000019,'1497578',1022,,209,8,,,0
2000019,'1497579',1537,,210,8,,,0
2000019,'1497580',852,,211,8,,,0
2000019,'1497583',1407,,212,8,,,0
2000019,'1497584',1107,,213,8,,,0
2000019,'1497586',1107,,214,8,,,0
2000019,'1497591',2007,,215,8,,,0
2000019,'1497592',1322,,216,8,,,0
2000019,'1497593',1707,,217,8,,,0
2000019,'1497594',1622,,218,8,,,0
2000019,'1497595',1022,,219,8,,,0
2000019,'1497597',937,,220,8,,,0
2000019,'1497608',1707,,221,8,,,0
2000019,'1497609',807,,222,8,,,0
