2000019,100,1,0,0
2000019,1,2,0,0
2000019,2,3,0,0
2000019,3,4,0,0
2000019,4,5,0,0
2000019,5,6,0,0
2000019,6,7,0,0
2000019,7,8,0,0
2000019,8,9,0,0
2000019,9,10,0,0
2000019,10,11,0,0
2000019,11,12,0,0
2000019,12,13,0,0
2000019,13,14,0,0
2000019,14,15,0,0
2000019,15,16,0,0
2000019,16,17,0,0
2000019,17,18,0,0
2000019,18,19,0,0
2000019,19,20,0,0
2000019,20,21,0,0
2000019,21,22,0,0
2000019,22,23,0,0
2000019,23,24,0,0
2000019,24,25,0,0
2000019,25,26,0,0
2000019,26,27,0,0
2000019,27,28,0,0
2000019,28,29,0,0
2000019,29,30,0,0
2000019,30,31,0,0
2000019,32,32,0,0
2000019,1000,33,0,0
2000019,33,34,0,0
2000019,34,35,0,0
2000019,35,36,0,0
2000019,36,37,0,0
15000019,100,1,0,0
15000019,38,2,0,0
15000019,39,3,0,0
15000019,40,4,0,0
15000019,41,5,0,0
15000019,42,6,0,0
15000019,43,7,0,0
15000019,44,8,0,0
15000019,45,9,0,0
15000019,46,10,0,0
15000019,47,11,0,0
15000019,48,12,0,0
15000019,49,13,0,0
15000019,50,14,0,0
15000019,51,15,0,0
15000019,52,16,0,0
15000019,53,17,0,0
15000019,54,18,0,0
15000019,55,19,0,0
15000019,56,20,0,0
15000019,57,21,0,0
15000019,58,22,0,0
15000019,59,23,0,0
15000019,61,24,0,0
15000019,62,25,0,0
15000019,63,26,0,0
15000019,64,27,0,0
15000019,65,28,0,0
15000019,66,29,0,0
15000019,67,30,0,0
15000019,68,31,0,0
15000019,69,32,0,0
15000019,70,33,0,0
15000019,71,34,0,0
