2000019,'1497450',1038,,149,26,,,0
2000019,'1497451',953,,150,26,,,0
2000019,'1497452',700,,151,26,,,0
2000019,'1497453',1553,,152,26,,,0
2000019,'1497454',1638,,153,26,,,0
2000019,'1497455',1123,,154,26,,,0
2000019,'1497456',738,,155,26,,,0
2000019,'1497457',908,,156,26,,,0
2000019,'1497458',1723,,157,26,,,0
2000019,'1497459',1208,,158,26,,,0
2000019,'1497460',1508,,159,26,,,0
2000019,'1497461',1338,,160,26,,,0
2000019,'1497462',1423,,161,26,,,0
2000019,'1497463',1808,,162,26,,,0
2000019,'1497464',823,,163,26,,,0
2000019,'1497465',1253,,164,26,,,0
2000019,'1497466',1123,,165,26,,,0
2000019,'1497467',2200,,166,26,,,0
2000019,'1497468',1423,,167,26,,,0
2000019,'1497469',1253,,168,26,,,0
2000019,'1497470',908,,169,26,,,0
2000019,'1497471',1723,,170,26,,,0
2000019,'1497472',2330,,171,26,,,0
2000019,'1497473',1338,,172,26,,,0
2000019,'1497474',1508,,173,26,,,0
2000019,'1497475',953,,174,26,,,0
2000019,'1497476',738,,175,26,,,0
2000019,'1497477',1851,,176,26,,,0
2000019,'1497478',1208,,177,26,,,0
2000019,'1497479',1638,,178,26,,,0
2000019,'1497480',1038,,179,26,,,0
2000019,'1497481',1553,,180,26,,,0
2000019,'1497482',2023,,181,26,,,0
2000019,'1497483',2245,,182,26,,,0
2000019,'1497484',700,,183,26,,,0
2000019,'1497485',1808,,184,26,,,0
2000019,'1497486',1936,,185,26,,,0
2000019,'1497487',2114,,186,26,,,0
2000019,'1497488',823,,187,26,,,0
2000019,'1497541',1344,,188,26,,,0
2000019,'1497542',742,,189,26,,,0
2000019,'1497543',912,,190,26,,,0
2000019,'1497546',1557,,191,26,,,0
2000019,'1497547',957,,192,26,,,0
2000019,'1497549',1212,,193,26,,,0
2000019,'1497550',657,,194,26,,,0
2000019,'1497551',1814,,195,26,,,0
2000019,'1497552',1429,,196,26,,,0
2000019,'1497553',829,,197,26,,,0
2000019,'1497554',1259,,198,26,,,0
2000019,'1497558',1214,,199,26,,,0
2000019,'1497565',1812,,200,26,,,0
2000019,'1497567',1642,,201,26,,,0
2000019,'1497568',1857,,202,26,,,0
2000019,'1497570',1514,,203,26,,,0
2000019,'1497571',1859,,204,26,,,0
2000019,'1497572',744,,205,26,,,0
2000019,'1497574',1942,,206,26,,,0
2000019,'1497576',1512,,207,26,,,0
2000019,'1497577',1257,,208,26,,,0
2000019,'1497578',1044,,209,26,,,0
2000019,'1497579',1559,,210,26,,,0
2000019,'1497580',914,,211,26,,,0
2000019,'1497583',1427,,212,26,,,0
2000019,'1497584',1129,,213,26,,,0
2000019,'1497586',1127,,214,26,,,0
2000019,'1497591',2027,,215,26,,,0
2000019,'1497592',1342,,216,26,,,0
2000019,'1497593',1729,,217,26,,,0
2000019,'1497594',1644,,218,26,,,0
2000019,'1497595',1042,,219,26,,,0
2000019,'1497597',959,,220,26,,,0
2000019,'1497608',1727,,221,26,,,0
2000019,'1497609',827,,222,26,,,0
