15000019,'1497501',1631,,223,17,,,0
15000019,'1497502',1116,,224,17,,,0
15000019,'1497503',1031,,225,17,,,0
15000019,'1497504',1246,,226,17,,,0
15000019,'1497505',946,,227,17,,,0
15000019,'1497506',1501,,228,17,,,0
15000019,'1497507',1716,,229,17,,,0
15000019,'1497508',1416,,230,17,,,0
15000019,'1497509',1201,,231,17,,,0
15000019,'1497510',1801,,232,17,,,0
15000019,'1497511',901,,233,17,,,0
15000019,'1497512',646,,234,17,,,0
15000019,'1497513',816,,235,17,,,0
15000019,'1497514',1331,,236,17,,,0
15000019,'1497515',1546,,237,17,,,0
15000019,'1497516',731,,238,17,,,0
15000019,'1497517',1030,,239,17,,,0
15000019,'1497518',1330,,240,17,,,0
15000019,'1497519',645,,241,17,,,0
15000019,'1497520',1500,,242,17,,,0
15000019,'1497521',2145,,243,17,,,0
15000019,'1497522',1930,,244,17,,,0
15000019,'1497523',2100,,245,17,,,0
15000019,'1497524',2315,,246,17,,,0
15000019,'1497525',815,,247,17,,,0
15000019,'1497526',1845,,248,17,,,0
15000019,'1497527',730,,249,17,,,0
15000019,'1497528',2230,,250,17,,,0
15000019,'1497529',945,,251,17,,,0
15000019,'1497530',1415,,252,17,,,0
15000019,'1497531',1630,,253,17,,,0
15000019,'1497532',1545,,254,17,,,0
15000019,'1497533',1800,,255,17,,,0
15000019,'1497534',1715,,256,17,,,0
15000019,'1497535',900,,257,17,,,0
15000019,'1497536',2015,,258,17,,,0
15000019,'1497537',1115,,259,17,,,0
15000019,'1497538',1200,,260,17,,,0
15000019,'1497539',1245,,261,17,,,0
15000019,'1497540',1202,,262,17,,,0
15000019,'1497544',1417,,263,17,,,0
15000019,'1497545',1717,,264,17,,,0
15000019,'1497548',1247,,265,17,,,0
15000019,'1497555',2017,,266,17,,,0
15000019,'1497556',1246,,267,17,,,0
15000019,'1497557',1031,,268,17,,,0
15000019,'1497559',816,,269,17,,,0
15000019,'1497560',1932,,270,17,,,0
15000019,'1497561',1716,,271,17,,,0
15000019,'1497562',647,,272,17,,,0
15000019,'1497563',1201,,273,17,,,0
15000019,'1497564',1501,,274,17,,,0
15000019,'1497566',1331,,275,17,,,0
15000019,'1497569',1847,,276,17,,,0
15000019,'1497573',732,,277,17,,,0
15000019,'1497575',1502,,278,17,,,0
15000019,'1497581',1801,,279,17,,,0
15000019,'1497582',901,,280,17,,,0
15000019,'1497585',1416,,281,17,,,0
15000019,'1497587',731,,282,17,,,0
15000019,'1497588',1117,,283,17,,,0
15000019,'1497589',1546,,284,17,,,0
15000019,'1497590',902,,285,17,,,0
15000019,'1497596',1547,,286,17,,,0
15000019,'1497598',817,,287,17,,,0
15000019,'1497599',1846,,288,17,,,0
15000019,'1497600',1332,,289,17,,,0
15000019,'1497601',1116,,290,17,,,0
15000019,'1497602',947,,291,17,,,0
15000019,'1497603',946,,292,17,,,0
15000019,'1497604',1032,,293,17,,,0
15000019,'1497605',1802,,294,17,,,0
15000019,'1497606',1632,,295,17,,,0
15000019,'1497607',1631,,296,17,,,0
