15000019,'1497501',1643,,223,27,,,0
15000019,'1497502',1128,,224,27,,,0
15000019,'1497503',1043,,225,27,,,0
15000019,'1497504',1258,,226,27,,,0
15000019,'1497505',958,,227,27,,,0
15000019,'1497506',1513,,228,27,,,0
15000019,'1497507',1728,,229,27,,,0
15000019,'1497508',1428,,230,27,,,0
15000019,'1497509',1213,,231,27,,,0
15000019,'1497510',1813,,232,27,,,0
15000019,'1497511',913,,233,27,,,0
15000019,'1497512',658,,234,27,,,0
15000019,'1497513',828,,235,27,,,0
15000019,'1497514',1343,,236,27,,,0
15000019,'1497515',1558,,237,27,,,0
15000019,'1497516',743,,238,27,,,0
15000019,'1497517',1042,,239,27,,,0
15000019,'1497518',1342,,240,27,,,0
15000019,'1497519',657,,241,27,,,0
15000019,'1497520',1512,,242,27,,,0
15000019,'1497521',2157,,243,27,,,0
15000019,'1497522',1942,,244,27,,,0
15000019,'1497523',2112,,245,27,,,0
15000019,'1497524',2327,,246,27,,,0
15000019,'1497525',827,,247,27,,,0
15000019,'1497526',1857,,248,27,,,0
15000019,'1497527',742,,249,27,,,0
15000019,'1497528',2242,,250,27,,,0
15000019,'1497529',957,,251,27,,,0
15000019,'1497530',1427,,252,27,,,0
15000019,'1497531',1642,,253,27,,,0
15000019,'1497532',1557,,254,27,,,0
15000019,'1497533',1812,,255,27,,,0
15000019,'1497534',1727,,256,27,,,0
15000019,'1497535',912,,257,27,,,0
15000019,'1497536',2027,,258,27,,,0
15000019,'1497537',1127,,259,27,,,0
15000019,'1497538',1212,,260,27,,,0
15000019,'1497539',1257,,261,27,,,0
15000019,'1497540',1214,,262,27,,,0
15000019,'1497544',1429,,263,27,,,0
15000019,'1497545',1729,,264,27,,,0
15000019,'1497548',1259,,265,27,,,0
15000019,'1497555',2029,,266,27,,,0
15000019,'1497556',1259,,267,27,,,0
15000019,'1497557',1044,,268,27,,,0
15000019,'1497559',829,,269,27,,,0
15000019,'1497560',1944,,270,27,,,0
15000019,'1497561',1729,,271,27,,,0
15000019,'1497562',659,,272,27,,,0
15000019,'1497563',1214,,273,27,,,0
15000019,'1497564',1514,,274,27,,,0
15000019,'1497566',1344,,275,27,,,0
15000019,'1497569',1859,,276,27,,,0
15000019,'1497573',744,,277,27,,,0
15000019,'1497575',1514,,278,27,,,0
15000019,'1497581',1814,,279,27,,,0
15000019,'1497582',914,,280,27,,,0
15000019,'1497585',1429,,281,27,,,0
15000019,'1497587',744,,282,27,,,0
15000019,'1497588',1129,,283,27,,,0
15000019,'1497589',1559,,284,27,,,0
15000019,'1497590',914,,285,27,,,0
15000019,'1497596',1559,,286,27,,,0
15000019,'1497598',829,,287,27,,,0
15000019,'1497599',1859,,288,27,,,0
15000019,'1497600',1344,,289,27,,,0
15000019,'1497601',1129,,290,27,,,0
15000019,'1497602',959,,291,27,,,0
15000019,'1497603',959,,292,27,,,0
15000019,'1497604',1044,,293,27,,,0
15000019,'1497605',1814,,294,27,,,0
15000019,'1497606',1644,,295,27,,,0
15000019,'1497607',1644,,296,27,,,0
