2000019,'1497450',1036,,149,24,,,0
2000019,'1497451',951,,150,24,,,0
2000019,'1497452',657,,151,24,,,0
2000019,'1497453',1551,,152,24,,,0
2000019,'1497454',1636,,153,24,,,0
2000019,'1497455',1121,,154,24,,,0
2000019,'1497456',736,,155,24,,,0
2000019,'1497457',906,,156,24,,,0
2000019,'1497458',1721,,157,24,,,0
2000019,'1497459',1206,,158,24,,,0
2000019,'1497460',1506,,159,24,,,0
2000019,'1497461',1336,,160,24,,,0
2000019,'1497462',1421,,161,24,,,0
2000019,'1497463',1806,,162,24,,,0
2000019,'1497464',821,,163,24,,,0
2000019,'1497465',1251,,164,24,,,0
2000019,'1497466',1121,,165,24,,,0
2000019,'1497467',2157,,166,24,,,0
2000019,'1497468',1421,,167,24,,,0
2000019,'1497469',1251,,168,24,,,0
2000019,'1497470',906,,169,24,,,0
2000019,'1497471',1721,,170,24,,,0
2000019,'1497472',2327,,171,24,,,0
2000019,'1497473',1336,,172,24,,,0
2000019,'1497474',1506,,173,24,,,0
2000019,'1497475',951,,174,24,,,0
2000019,'1497476',736,,175,24,,,0
2000019,'1497477',1849,,176,24,,,0
2000019,'1497478',1206,,177,24,,,0
2000019,'1497479',1636,,178,24,,,0
2000019,'1497480',1036,,179,24,,,0
2000019,'1497481',1551,,180,24,,,0
2000019,'1497482',2021,,181,24,,,0
2000019,'1497483',2242,,182,24,,,0
2000019,'1497484',657,,183,24,,,0
2000019,'1497485',1806,,184,24,,,0
2000019,'1497486',1934,,185,24,,,0
2000019,'1497487',2112,,186,24,,,0
2000019,'1497488',821,,187,24,,,0
2000019,'1497541',1341,,188,24,,,0
2000019,'1497542',739,,189,24,,,0
2000019,'1497543',909,,190,24,,,0
2000019,'1497546',1554,,191,24,,,0
2000019,'1497547',954,,192,24,,,0
2000019,'1497549',1209,,193,24,,,0
2000019,'1497550',654,,194,24,,,0
2000019,'1497551',1811,,195,24,,,0
2000019,'1497552',1426,,196,24,,,0
2000019,'1497553',826,,197,24,,,0
2000019,'1497554',1256,,198,24,,,0
2000019,'1497558',1211,,199,24,,,0
2000019,'1497565',1809,,200,24,,,0
2000019,'1497567',1639,,201,24,,,0
2000019,'1497568',1854,,202,24,,,0
2000019,'1497570',1511,,203,24,,,0
2000019,'1497571',1856,,204,24,,,0
2000019,'1497572',741,,205,24,,,0
2000019,'1497574',1939,,206,24,,,0
2000019,'1497576',1509,,207,24,,,0
2000019,'1497577',1254,,208,24,,,0
2000019,'1497578',1041,,209,24,,,0
2000019,'1497579',1556,,210,24,,,0
2000019,'1497580',911,,211,24,,,0
2000019,'1497583',1424,,212,24,,,0
2000019,'1497584',1126,,213,24,,,0
2000019,'1497586',1124,,214,24,,,0
2000019,'1497591',2024,,215,24,,,0
2000019,'1497592',1339,,216,24,,,0
2000019,'1497593',1726,,217,24,,,0
2000019,'1497594',1641,,218,24,,,0
2000019,'1497595',1039,,219,24,,,0
2000019,'1497597',956,,220,24,,,0
2000019,'1497608',1724,,221,24,,,0
2000019,'1497609',824,,222,24,,,0
