15000019,'1497501',1619,,223,6,,,0
15000019,'1497502',1104,,224,6,,,0
15000019,'1497503',1019,,225,6,,,0
15000019,'1497504',1234,,226,6,,,0
15000019,'1497505',934,,227,6,,,0
15000019,'1497506',1449,,228,6,,,0
15000019,'1497507',1704,,229,6,,,0
15000019,'1497508',1404,,230,6,,,0
15000019,'1497509',1149,,231,6,,,0
15000019,'1497510',1749,,232,6,,,0
15000019,'1497511',849,,233,6,,,0
15000019,'1497512',634,,234,6,,,0
15000019,'1497513',804,,235,6,,,0
15000019,'1497514',1319,,236,6,,,0
15000019,'1497515',1534,,237,6,,,0
15000019,'1497516',719,,238,6,,,0
15000019,'1497517',1018,,239,6,,,0
15000019,'1497518',1318,,240,6,,,0
15000019,'1497519',633,,241,6,,,0
15000019,'1497520',1448,,242,6,,,0
15000019,'1497521',2133,,243,6,,,0
15000019,'1497522',1918,,244,6,,,0
15000019,'1497523',2048,,245,6,,,0
15000019,'1497524',2303,,246,6,,,0
15000019,'1497525',803,,247,6,,,0
15000019,'1497526',1833,,248,6,,,0
15000019,'1497527',718,,249,6,,,0
15000019,'1497528',2218,,250,6,,,0
15000019,'1497529',933,,251,6,,,0
15000019,'1497530',1403,,252,6,,,0
15000019,'1497531',1618,,253,6,,,0
15000019,'1497532',1533,,254,6,,,0
15000019,'1497533',1748,,255,6,,,0
15000019,'1497534',1703,,256,6,,,0
15000019,'1497535',848,,257,6,,,0
15000019,'1497536',2003,,258,6,,,0
15000019,'1497537',1103,,259,6,,,0
15000019,'1497538',1148,,260,6,,,0
15000019,'1497539',1233,,261,6,,,0
15000019,'1497540',1149,,262,6,,,0
15000019,'1497544',1404,,263,6,,,0
15000019,'1497545',1704,,264,6,,,0
15000019,'1497548',1234,,265,6,,,0
15000019,'1497555',2004,,266,6,,,0
15000019,'1497556',1234,,267,6,,,0
15000019,'1497557',1019,,268,6,,,0
15000019,'1497559',804,,269,6,,,0
15000019,'1497560',1919,,270,6,,,0
15000019,'1497561',1704,,271,6,,,0
15000019,'1497562',634,,272,6,,,0
15000019,'1497563',1149,,273,6,,,0
15000019,'1497564',1449,,274,6,,,0
15000019,'1497566',1319,,275,6,,,0
15000019,'1497569',1834,,276,6,,,0
15000019,'1497573',719,,277,6,,,0
15000019,'1497575',1449,,278,6,,,0
15000019,'1497581',1749,,279,6,,,0
15000019,'1497582',849,,280,6,,,0
15000019,'1497585',1404,,281,6,,,0
15000019,'1497587',719,,282,6,,,0
15000019,'1497588',1104,,283,6,,,0
15000019,'1497589',1534,,284,6,,,0
15000019,'1497590',849,,285,6,,,0
15000019,'1497596',1534,,286,6,,,0
15000019,'1497598',804,,287,6,,,0
15000019,'1497599',1834,,288,6,,,0
15000019,'1497600',1319,,289,6,,,0
15000019,'1497601',1104,,290,6,,,0
15000019,'1497602',934,,291,6,,,0
15000019,'1497603',934,,292,6,,,0
15000019,'1497604',1019,,293,6,,,0
15000019,'1497605',1749,,294,6,,,0
15000019,'1497606',1619,,295,6,,,0
15000019,'1497607',1619,,296,6,,,0
