2000019,'1497450',1015,,149,1,,,0,38,,149,38,4,,0
2000019,'1497451',930,,150,1,,,0,78,,150,38,4,,0
2000019,'1497452',630,,151,1,,,0,83,,151,38,4,,0
2000019,'1497453',1530,,152,1,,,0,78,,152,38,4,,0
2000019,'1497454',1615,,153,1,,,0,38,,153,38,4,,0
2000019,'1497455',1100,,154,1,,,0,38,,154,38,4,,0
2000019,'1497456',715,,155,1,,,0,38,,155,38,4,,0
2000019,'1497457',845,,156,1,,,0,78,,156,38,4,,0
2000019,'1497458',1700,,157,1,,,0,38,,157,38,4,,0
2000019,'1497459',1145,,158,1,,,0,78,,158,38,4,,0
2000019,'1497460',1445,,159,1,,,0,78,,159,38,4,,0
2000019,'1497461',1315,,160,1,,,0,38,,160,38,4,,0
2000019,'1497462',1400,,161,1,,,0,38,,161,38,4,,0
2000019,'1497463',1745,,162,1,,,0,78,,162,38,4,,0
2000019,'1497464',800,,163,1,,,0,38,,163,38,4,,0
2000019,'1497465',1230,,164,1,,,0,78,,164,38,4,,0
2000019,'1497466',1100,,165,1,,,0,38,,165,38,4,,0
2000019,'1497467',2130,,166,1,,,0,83,,166,38,4,,0
2000019,'1497468',1400,,167,1,,,0,38,,167,38,4,,0
2000019,'1497469',1230,,168,1,,,0,78,,168,38,4,,0
2000019,'1497470',845,,169,1,,,0,78,,169,38,4,,0
2000019,'1497471',1700,,170,1,,,0,38,,170,38,4,,0
2000019,'1497472',2300,,171,1,,,0,43,,171,38,4,,0
2000019,'1497473',1315,,172,1,,,0,38,,172,38,4,,0
2000019,'1497474',1445,,173,1,,,0,78,,173,38,4,,0
2000019,'1497475',930,,174,1,,,0,78,,174,38,4,,0
2000019,'1497476',715,,175,1,,,0,38,,175,38,4,,0
2000019,'1497477',1830,,176,1,,,0,76,,176,38,4,,0
2000019,'1497478',1145,,177,1,,,0,78,,177,38,4,,0
2000019,'1497479',1615,,178,1,,,0,38,,178,38,4,,0
2000019,'1497480',1015,,179,1,,,0,38,,179,38,4,,0
2000019,'1497481',1530,,180,1,,,0,78,,180,38,4,,0
2000019,'1497482',2000,,181,1,,,0,36,,181,38,4,,0
2000019,'1497483',2215,,182,1,,,0,43,,182,38,4,,0
2000019,'1497484',630,,183,1,,,0,83,,183,38,4,,0
2000019,'1497485',1745,,184,1,,,0,78,,184,38,4,,0
2000019,'1497486',1915,,185,1,,,0,34,,185,38,4,,0
2000019,'1497487',2045,,186,1,,,0,83,,186,38,4,,0
2000019,'1497488',800,,187,1,,,0,38,,187,38,4,,0
2000019,'1497541',1315,,188,1,,,0,42,,188,38,4,,0
2000019,'1497542',715,,189,1,,,0,41,,189,38,4,,0
2000019,'1497543',845,,190,1,,,0,81,,190,38,4,,0
2000019,'1497546',1530,,191,1,,,0,81,,191,38,4,,0
2000019,'1497547',930,,192,1,,,0,81,,192,38,4,,0
2000019,'1497549',1145,,193,1,,,0,81,,193,38,4,,0
2000019,'1497550',630,,194,1,,,0,81,,194,38,4,,0
2000019,'1497551',1745,,195,1,,,0,82,,195,38,4,,0
2000019,'1497552',1400,,196,1,,,0,42,,196,38,4,,0
2000019,'1497553',800,,197,1,,,0,42,,197,38,4,,0
2000019,'1497554',1230,,198,1,,,0,82,,198,38,4,,0
2000019,'1497558',1145,,199,1,,,0,82,,199,38,4,,0
2000019,'1497565',1745,,200,1,,,0,81,,200,38,4,,0
2000019,'1497567',1615,,201,1,,,0,41,,201,38,4,,0
2000019,'1497568',1830,,202,1,,,0,81,,202,38,4,,0
2000019,'1497570',1445,,203,1,,,0,82,,203,38,4,,0
2000019,'1497571',1830,,204,1,,,0,82,,204,38,4,,0
2000019,'1497572',715,,205,1,,,0,42,,205,38,4,,0
2000019,'1497574',1915,,206,1,,,0,41,,206,38,4,,0
2000019,'1497576',1445,,207,1,,,0,81,,207,38,4,,0
2000019,'1497577',1230,,208,1,,,0,81,,208,38,4,,0
2000019,'1497578',1015,,209,1,,,0,42,,209,38,4,,0
2000019,'1497579',1530,,210,1,,,0,82,,210,38,4,,0
2000019,'1497580',845,,211,1,,,0,82,,211,38,4,,0
2000019,'1497583',1400,,212,1,,,0,41,,212,38,4,,0
2000019,'1497584',1100,,213,1,,,0,42,,213,38,4,,0
2000019,'1497586',1100,,214,1,,,0,41,,214,38,4,,0
2000019,'1497591',2000,,215,1,,,0,41,,215,38,4,,0
2000019,'1497592',1315,,216,1,,,0,41,,216,38,4,,0
2000019,'1497593',1700,,217,1,,,0,42,,217,38,4,,0
2000019,'1497594',1615,,218,1,,,0,42,,218,38,4,,0
2000019,'1497595',1015,,219,1,,,0,41,,219,38,4,,0
2000019,'1497597',930,,220,1,,,0,82,,220,38,4,,0
2000019,'1497608',1700,,221,1,,,0,41,,221,38,4,,0
2000019,'1497609',800,,222,1,,,0,41,,222,38,4,,0
15000019,'1497501',1615,,223,1,,,0,43,,223,38,4,,0
15000019,'1497502',1100,,224,1,,,0,43,,224,38,4,,0
15000019,'1497503',1015,,225,1,,,0,43,,225,38,4,,0
15000019,'1497504',1230,,226,1,,,0,83,,226,38,4,,0
15000019,'1497505',930,,227,1,,,0,83,,227,38,4,,0
15000019,'1497506',1445,,228,1,,,0,83,,228,38,4,,0
15000019,'1497507',1700,,229,1,,,0,43,,229,38,4,,0
15000019,'1497508',1400,,230,1,,,0,43,,230,38,4,,0
15000019,'1497509',1145,,231,1,,,0,83,,231,38,4,,0
15000019,'1497510',1745,,232,1,,,0,83,,232,38,4,,0
15000019,'1497511',845,,233,1,,,0,83,,233,38,4,,0
15000019,'1497512',630,,234,1,,,0,83,,234,38,4,,0
15000019,'1497513',800,,235,1,,,0,43,,235,38,4,,0
15000019,'1497514',1315,,236,1,,,0,43,,236,38,4,,0
15000019,'1497515',1530,,237,1,,,0,83,,237,38,4,,0
15000019,'1497516',715,,238,1,,,0,43,,238,38,4,,0
15000019,'1497517',1015,,239,1,,,0,41,,239,38,4,,0
15000019,'1497518',1315,,240,1,,,0,41,,240,38,4,,0
15000019,'1497519',630,,241,1,,,0,81,,241,38,4,,0
15000019,'1497520',1445,,242,1,,,0,81,,242,38,4,,0
15000019,'1497521',2130,,243,1,,,0,81,,243,38,4,,0
15000019,'1497522',1915,,244,1,,,0,41,,244,38,4,,0
15000019,'1497523',2045,,245,1,,,0,81,,245,38,4,,0
15000019,'1497524',2300,,246,1,,,0,41,,246,38,4,,0
15000019,'1497525',800,,247,1,,,0,41,,247,38,4,,0
15000019,'1497526',1830,,248,1,,,0,81,,248,38,4,,0
15000019,'1497527',715,,249,1,,,0,41,,249,38,4,,0
15000019,'1497528',2215,,250,1,,,0,41,,250,38,4,,0
15000019,'1497529',930,,251,1,,,0,81,,251,38,4,,0
15000019,'1497530',1400,,252,1,,,0,41,,252,38,4,,0
15000019,'1497531',1615,,253,1,,,0,41,,253,38,4,,0
15000019,'1497532',1530,,254,1,,,0,81,,254,38,4,,0
15000019,'1497533',1745,,255,1,,,0,81,,255,38,4,,0
15000019,'1497534',1700,,256,1,,,0,41,,256,38,4,,0
15000019,'1497535',845,,257,1,,,0,81,,257,38,4,,0
15000019,'1497536',2000,,258,1,,,0,41,,258,38,4,,0
15000019,'1497537',1100,,259,1,,,0,41,,259,38,4,,0
15000019,'1497538',1145,,260,1,,,0,81,,260,38,4,,0
15000019,'1497539',1230,,261,1,,,0,81,,261,38,4,,0
15000019,'1497540',1145,,262,1,,,0,81,,262,38,4,,0
15000019,'1497544',1400,,263,1,,,0,41,,263,38,4,,0
15000019,'1497545',1700,,264,1,,,0,41,,264,38,4,,0
15000019,'1497548',1230,,265,1,,,0,81,,265,38,4,,0
15000019,'1497555',2000,,266,1,,,0,41,,266,38,4,,0
15000019,'1497556',1230,,267,1,,,0,85,,267,38,4,,0
15000019,'1497557',1015,,268,1,,,0,85,,268,38,4,,0
15000019,'1497559',800,,269,1,,,0,45,,269,38,4,,0
15000019,'1497560',1915,,270,1,,,0,41,,270,38,4,,0
15000019,'1497561',1700,,271,1,,,0,45,,271,38,4,,0
15000019,'1497562',630,,272,1,,,0,81,,272,38,4,,0
15000019,'1497563',1145,,273,1,,,0,85,,273,38,4,,0
15000019,'1497564',1445,,274,1,,,0,85,,274,38,4,,0
15000019,'1497566',1315,,275,1,,,0,85,,275,38,4,,0
15000019,'1497569',1830,,276,1,,,0,81,,276,38,4,,0
15000019,'1497573',715,,277,1,,,0,41,,277,38,4,,0
15000019,'1497575',1445,,278,1,,,0,81,,278,38,4,,0
15000019,'1497581',1745,,279,1,,,0,85,,279,38,4,,0
15000019,'1497582',845,,280,1,,,0,85,,280,38,4,,0
15000019,'1497585',1400,,281,1,,,0,45,,281,38,4,,0
15000019,'1497587',715,,282,1,,,0,85,,282,38,4,,0
15000019,'1497588',1100,,283,1,,,0,41,,283,38,4,,0
15000019,'1497589',1530,,284,1,,,0,85,,284,38,4,,0
15000019,'1497590',845,,285,1,,,0,81,,285,38,4,,0
15000019,'1497596',1530,,286,1,,,0,81,,286,38,4,,0
15000019,'1497598',800,,287,1,,,0,41,,287,38,4,,0
15000019,'1497599',1830,,288,1,,,0,85,,288,38,4,,0
15000019,'1497600',1315,,289,1,,,0,41,,289,38,4,,0
15000019,'1497601',1100,,290,1,,,0,45,,290,38,4,,0
15000019,'1497602',930,,291,1,,,0,81,,291,38,4,,0
15000019,'1497603',930,,292,1,,,0,85,,292,38,4,,0
15000019,'1497604',1015,,293,1,,,0,41,,293,38,4,,0
15000019,'1497605',1745,,294,1,,,0,81,,294,38,4,,0
15000019,'1497606',1615,,295,1,,,0,41,,295,38,4,,0
15000019,'1497607',1615,,296,1,,,0,85,,296,38,4,,0
