15000019,'1497501',1632,,223,19,,,0
15000019,'1497502',1117,,224,19,,,0
15000019,'1497503',1032,,225,19,,,0
15000019,'1497504',1247,,226,19,,,0
15000019,'1497505',947,,227,19,,,0
15000019,'1497506',1502,,228,19,,,0
15000019,'1497507',1717,,229,19,,,0
15000019,'1497508',1417,,230,19,,,0
15000019,'1497509',1202,,231,19,,,0
15000019,'1497510',1802,,232,19,,,0
15000019,'1497511',902,,233,19,,,0
15000019,'1497512',647,,234,19,,,0
15000019,'1497513',817,,235,19,,,0
15000019,'1497514',1332,,236,19,,,0
15000019,'1497515',1547,,237,19,,,0
15000019,'1497516',732,,238,19,,,0
15000019,'1497517',1032,,239,19,,,0
15000019,'1497518',1332,,240,19,,,0
15000019,'1497519',647,,241,19,,,0
15000019,'1497520',1502,,242,19,,,0
15000019,'1497521',2147,,243,19,,,0
15000019,'1497522',1932,,244,19,,,0
15000019,'1497523',2102,,245,19,,,0
15000019,'1497524',2317,,246,19,,,0
15000019,'1497525',817,,247,19,,,0
15000019,'1497526',1847,,248,19,,,0
15000019,'1497527',732,,249,19,,,0
15000019,'1497528',2232,,250,19,,,0
15000019,'1497529',947,,251,19,,,0
15000019,'1497530',1417,,252,19,,,0
15000019,'1497531',1632,,253,19,,,0
15000019,'1497532',1547,,254,19,,,0
15000019,'1497533',1802,,255,19,,,0
15000019,'1497534',1717,,256,19,,,0
15000019,'1497535',902,,257,19,,,0
15000019,'1497536',2017,,258,19,,,0
15000019,'1497537',1117,,259,19,,,0
15000019,'1497538',1202,,260,19,,,0
15000019,'1497539',1247,,261,19,,,0
15000019,'1497540',1203,,262,19,,,0
15000019,'1497544',1418,,263,19,,,0
15000019,'1497545',1718,,264,19,,,0
15000019,'1497548',1248,,265,19,,,0
15000019,'1497555',2018,,266,19,,,0
15000019,'1497556',1248,,267,19,,,0
15000019,'1497557',1033,,268,19,,,0
15000019,'1497559',818,,269,19,,,0
15000019,'1497560',1933,,270,19,,,0
15000019,'1497561',1718,,271,19,,,0
15000019,'1497562',648,,272,19,,,0
15000019,'1497563',1203,,273,19,,,0
15000019,'1497564',1503,,274,19,,,0
15000019,'1497566',1333,,275,19,,,0
15000019,'1497569',1848,,276,19,,,0
15000019,'1497573',733,,277,19,,,0
15000019,'1497575',1503,,278,19,,,0
15000019,'1497581',1803,,279,19,,,0
15000019,'1497582',903,,280,19,,,0
15000019,'1497585',1418,,281,19,,,0
15000019,'1497587',733,,282,19,,,0
15000019,'1497588',1118,,283,19,,,0
15000019,'1497589',1548,,284,19,,,0
15000019,'1497590',903,,285,19,,,0
15000019,'1497596',1548,,286,19,,,0
15000019,'1497598',818,,287,19,,,0
15000019,'1497599',1848,,288,19,,,0
15000019,'1497600',1333,,289,19,,,0
15000019,'1497601',1118,,290,19,,,0
15000019,'1497602',948,,291,19,,,0
15000019,'1497603',948,,292,19,,,0
15000019,'1497604',1033,,293,19,,,0
15000019,'1497605',1803,,294,19,,,0
15000019,'1497606',1633,,295,19,,,0
15000019,'1497607',1633,,296,19,,,0
