2000019,'1497450',1035,,149,23,,,0
2000019,'1497451',950,,150,23,,,0
2000019,'1497452',656,,151,23,,,0
2000019,'1497453',1550,,152,23,,,0
2000019,'1497454',1635,,153,23,,,0
2000019,'1497455',1120,,154,23,,,0
2000019,'1497456',735,,155,23,,,0
2000019,'1497457',905,,156,23,,,0
2000019,'1497458',1720,,157,23,,,0
2000019,'1497459',1205,,158,23,,,0
2000019,'1497460',1505,,159,23,,,0
2000019,'1497461',1335,,160,23,,,0
2000019,'1497462',1420,,161,23,,,0
2000019,'1497463',1805,,162,23,,,0
2000019,'1497464',820,,163,23,,,0
2000019,'1497465',1250,,164,23,,,0
2000019,'1497466',1120,,165,23,,,0
2000019,'1497467',2156,,166,23,,,0
2000019,'1497468',1420,,167,23,,,0
2000019,'1497469',1250,,168,23,,,0
2000019,'1497470',905,,169,23,,,0
2000019,'1497471',1720,,170,23,,,0
2000019,'1497472',2326,,171,23,,,0
2000019,'1497473',1335,,172,23,,,0
2000019,'1497474',1505,,173,23,,,0
2000019,'1497475',950,,174,23,,,0
2000019,'1497476',735,,175,23,,,0
2000019,'1497477',1849,,176,23,,,0
2000019,'1497478',1205,,177,23,,,0
2000019,'1497479',1635,,178,23,,,0
2000019,'1497480',1035,,179,23,,,0
2000019,'1497481',1550,,180,23,,,0
2000019,'1497482',2020,,181,23,,,0
2000019,'1497483',2241,,182,23,,,0
2000019,'1497484',656,,183,23,,,0
2000019,'1497485',1805,,184,23,,,0
2000019,'1497486',1933,,185,23,,,0
2000019,'1497487',2111,,186,23,,,0
2000019,'1497488',820,,187,23,,,0
2000019,'1497541',1340,,188,23,,,0
2000019,'1497542',738,,189,23,,,0
2000019,'1497543',908,,190,23,,,0
2000019,'1497546',1553,,191,23,,,0
2000019,'1497547',953,,192,23,,,0
2000019,'1497549',1208,,193,23,,,0
2000019,'1497550',653,,194,23,,,0
2000019,'1497551',1810,,195,23,,,0
2000019,'1497552',1425,,196,23,,,0
2000019,'1497553',825,,197,23,,,0
2000019,'1497554',1255,,198,23,,,0
2000019,'1497558',1210,,199,23,,,0
2000019,'1497565',1808,,200,23,,,0
2000019,'1497567',1638,,201,23,,,0
2000019,'1497568',1853,,202,23,,,0
2000019,'1497570',1510,,203,23,,,0
2000019,'1497571',1855,,204,23,,,0
2000019,'1497572',740,,205,23,,,0
2000019,'1497574',1938,,206,23,,,0
2000019,'1497576',1508,,207,23,,,0
2000019,'1497577',1253,,208,23,,,0
2000019,'1497578',1040,,209,23,,,0
2000019,'1497579',1555,,210,23,,,0
2000019,'1497580',910,,211,23,,,0
2000019,'1497583',1423,,212,23,,,0
2000019,'1497584',1125,,213,23,,,0
2000019,'1497586',1123,,214,23,,,0
2000019,'1497591',2023,,215,23,,,0
2000019,'1497592',1338,,216,23,,,0
2000019,'1497593',1725,,217,23,,,0
2000019,'1497594',1640,,218,23,,,0
2000019,'1497595',1038,,219,23,,,0
2000019,'1497597',955,,220,23,,,0
2000019,'1497608',1723,,221,23,,,0
2000019,'1497609',823,,222,23,,,0
