15000019,'1497501',1618,,223,5,,,0
15000019,'1497502',1103,,224,5,,,0
15000019,'1497503',1018,,225,5,,,0
15000019,'1497504',1233,,226,5,,,0
15000019,'1497505',933,,227,5,,,0
15000019,'1497506',1448,,228,5,,,0
15000019,'1497507',1703,,229,5,,,0
15000019,'1497508',1403,,230,5,,,0
15000019,'1497509',1148,,231,5,,,0
15000019,'1497510',1748,,232,5,,,0
15000019,'1497511',848,,233,5,,,0
15000019,'1497512',633,,234,5,,,0
15000019,'1497513',803,,235,5,,,0
15000019,'1497514',1318,,236,5,,,0
15000019,'1497515',1533,,237,5,,,0
15000019,'1497516',718,,238,5,,,0
15000019,'1497517',1018,,239,5,,,0
15000019,'1497518',1318,,240,5,,,0
15000019,'1497519',633,,241,5,,,0
15000019,'1497520',1448,,242,5,,,0
15000019,'1497521',2133,,243,5,,,0
15000019,'1497522',1918,,244,5,,,0
15000019,'1497523',2048,,245,5,,,0
15000019,'1497524',2303,,246,5,,,0
15000019,'1497525',803,,247,5,,,0
15000019,'1497526',1833,,248,5,,,0
15000019,'1497527',718,,249,5,,,0
15000019,'1497528',2218,,250,5,,,0
15000019,'1497529',933,,251,5,,,0
15000019,'1497530',1403,,252,5,,,0
15000019,'1497531',1618,,253,5,,,0
15000019,'1497532',1533,,254,5,,,0
15000019,'1497533',1748,,255,5,,,0
15000019,'1497534',1703,,256,5,,,0
15000019,'1497535',848,,257,5,,,0
15000019,'1497536',2003,,258,5,,,0
15000019,'1497537',1103,,259,5,,,0
15000019,'1497538',1148,,260,5,,,0
15000019,'1497539',1233,,261,5,,,0
15000019,'1497540',1149,,262,5,,,0
15000019,'1497544',1404,,263,5,,,0
15000019,'1497545',1704,,264,5,,,0
15000019,'1497548',1234,,265,5,,,0
15000019,'1497555',2004,,266,5,,,0
15000019,'1497556',1233,,267,5,,,0
15000019,'1497557',1018,,268,5,,,0
15000019,'1497559',803,,269,5,,,0
15000019,'1497560',1919,,270,5,,,0
15000019,'1497561',1703,,271,5,,,0
15000019,'1497562',634,,272,5,,,0
15000019,'1497563',1148,,273,5,,,0
15000019,'1497564',1448,,274,5,,,0
15000019,'1497566',1318,,275,5,,,0
15000019,'1497569',1834,,276,5,,,0
15000019,'1497573',719,,277,5,,,0
15000019,'1497575',1449,,278,5,,,0
15000019,'1497581',1748,,279,5,,,0
15000019,'1497582',848,,280,5,,,0
15000019,'1497585',1403,,281,5,,,0
15000019,'1497587',718,,282,5,,,0
15000019,'1497588',1104,,283,5,,,0
15000019,'1497589',1533,,284,5,,,0
15000019,'1497590',849,,285,5,,,0
15000019,'1497596',1534,,286,5,,,0
15000019,'1497598',804,,287,5,,,0
15000019,'1497599',1833,,288,5,,,0
15000019,'1497600',1319,,289,5,,,0
15000019,'1497601',1103,,290,5,,,0
15000019,'1497602',934,,291,5,,,0
15000019,'1497603',933,,292,5,,,0
15000019,'1497604',1019,,293,5,,,0
15000019,'1497605',1749,,294,5,,,0
15000019,'1497606',1619,,295,5,,,0
15000019,'1497607',1618,,296,5,,,0
