15000019,'1497501',1624,,223,12,,,0
15000019,'1497502',1109,,224,12,,,0
15000019,'1497503',1024,,225,12,,,0
15000019,'1497504',1239,,226,12,,,0
15000019,'1497505',939,,227,12,,,0
15000019,'1497506',1454,,228,12,,,0
15000019,'1497507',1709,,229,12,,,0
15000019,'1497508',1409,,230,12,,,0
15000019,'1497509',1154,,231,12,,,0
15000019,'1497510',1754,,232,12,,,0
15000019,'1497511',854,,233,12,,,0
15000019,'1497512',639,,234,12,,,0
15000019,'1497513',809,,235,12,,,0
15000019,'1497514',1324,,236,12,,,0
15000019,'1497515',1539,,237,12,,,0
15000019,'1497516',724,,238,12,,,0
15000019,'1497517',1023,,239,12,,,0
15000019,'1497518',1323,,240,12,,,0
15000019,'1497519',638,,241,12,,,0
15000019,'1497520',1453,,242,12,,,0
15000019,'1497521',2138,,243,12,,,0
15000019,'1497522',1923,,244,12,,,0
15000019,'1497523',2053,,245,12,,,0
15000019,'1497524',2308,,246,12,,,0
15000019,'1497525',808,,247,12,,,0
15000019,'1497526',1838,,248,12,,,0
15000019,'1497527',723,,249,12,,,0
15000019,'1497528',2223,,250,12,,,0
15000019,'1497529',938,,251,12,,,0
15000019,'1497530',1408,,252,12,,,0
15000019,'1497531',1623,,253,12,,,0
15000019,'1497532',1538,,254,12,,,0
15000019,'1497533',1753,,255,12,,,0
15000019,'1497534',1708,,256,12,,,0
15000019,'1497535',853,,257,12,,,0
15000019,'1497536',2008,,258,12,,,0
15000019,'1497537',1108,,259,12,,,0
15000019,'1497538',1153,,260,12,,,0
15000019,'1497539',1238,,261,12,,,0
15000019,'1497540',1154,,262,12,,,0
15000019,'1497544',1409,,263,12,,,0
15000019,'1497545',1709,,264,12,,,0
15000019,'1497548',1239,,265,12,,,0
15000019,'1497555',2009,,266,12,,,0
15000019,'1497556',1239,,267,12,,,0
15000019,'1497557',1024,,268,12,,,0
15000019,'1497559',809,,269,12,,,0
15000019,'1497560',1924,,270,12,,,0
15000019,'1497561',1709,,271,12,,,0
15000019,'1497562',639,,272,12,,,0
15000019,'1497563',1154,,273,12,,,0
15000019,'1497564',1454,,274,12,,,0
15000019,'1497566',1324,,275,12,,,0
15000019,'1497569',1839,,276,12,,,0
15000019,'1497573',724,,277,12,,,0
15000019,'1497575',1454,,278,12,,,0
15000019,'1497581',1754,,279,12,,,0
15000019,'1497582',854,,280,12,,,0
15000019,'1497585',1409,,281,12,,,0
15000019,'1497587',724,,282,12,,,0
15000019,'1497588',1109,,283,12,,,0
15000019,'1497589',1539,,284,12,,,0
15000019,'1497590',854,,285,12,,,0
15000019,'1497596',1539,,286,12,,,0
15000019,'1497598',809,,287,12,,,0
15000019,'1497599',1839,,288,12,,,0
15000019,'1497600',1324,,289,12,,,0
15000019,'1497601',1109,,290,12,,,0
15000019,'1497602',939,,291,12,,,0
15000019,'1497603',939,,292,12,,,0
15000019,'1497604',1024,,293,12,,,0
15000019,'1497605',1754,,294,12,,,0
15000019,'1497606',1624,,295,12,,,0
15000019,'1497607',1624,,296,12,,,0
