15000019,'1497501',1622,,223,10,,,0
15000019,'1497502',1107,,224,10,,,0
15000019,'1497503',1022,,225,10,,,0
15000019,'1497504',1237,,226,10,,,0
15000019,'1497505',937,,227,10,,,0
15000019,'1497506',1452,,228,10,,,0
15000019,'1497507',1707,,229,10,,,0
15000019,'1497508',1407,,230,10,,,0
15000019,'1497509',1152,,231,10,,,0
15000019,'1497510',1752,,232,10,,,0
15000019,'1497511',852,,233,10,,,0
15000019,'1497512',637,,234,10,,,0
15000019,'1497513',807,,235,10,,,0
15000019,'1497514',1322,,236,10,,,0
15000019,'1497515',1537,,237,10,,,0
15000019,'1497516',722,,238,10,,,0
15000019,'1497517',1022,,239,10,,,0
15000019,'1497518',1322,,240,10,,,0
15000019,'1497519',637,,241,10,,,0
15000019,'1497520',1452,,242,10,,,0
15000019,'1497521',2137,,243,10,,,0
15000019,'1497522',1922,,244,10,,,0
15000019,'1497523',2052,,245,10,,,0
15000019,'1497524',2307,,246,10,,,0
15000019,'1497525',807,,247,10,,,0
15000019,'1497526',1837,,248,10,,,0
15000019,'1497527',722,,249,10,,,0
15000019,'1497528',2222,,250,10,,,0
15000019,'1497529',937,,251,10,,,0
15000019,'1497530',1407,,252,10,,,0
15000019,'1497531',1622,,253,10,,,0
15000019,'1497532',1537,,254,10,,,0
15000019,'1497533',1752,,255,10,,,0
15000019,'1497534',1707,,256,10,,,0
15000019,'1497535',852,,257,10,,,0
15000019,'1497536',2007,,258,10,,,0
15000019,'1497537',1107,,259,10,,,0
15000019,'1497538',1152,,260,10,,,0
15000019,'1497539',1237,,261,10,,,0
15000019,'1497540',1153,,262,10,,,0
15000019,'1497544',1408,,263,10,,,0
15000019,'1497545',1708,,264,10,,,0
15000019,'1497548',1238,,265,10,,,0
15000019,'1497555',2008,,266,10,,,0
15000019,'1497556',1238,,267,10,,,0
15000019,'1497557',1023,,268,10,,,0
15000019,'1497559',808,,269,10,,,0
15000019,'1497560',1923,,270,10,,,0
15000019,'1497561',1708,,271,10,,,0
15000019,'1497562',638,,272,10,,,0
15000019,'1497563',1153,,273,10,,,0
15000019,'1497564',1453,,274,10,,,0
15000019,'1497566',1323,,275,10,,,0
15000019,'1497569',1838,,276,10,,,0
15000019,'1497573',723,,277,10,,,0
15000019,'1497575',1453,,278,10,,,0
15000019,'1497581',1753,,279,10,,,0
15000019,'1497582',853,,280,10,,,0
15000019,'1497585',1408,,281,10,,,0
15000019,'1497587',723,,282,10,,,0
15000019,'1497588',1108,,283,10,,,0
15000019,'1497589',1538,,284,10,,,0
15000019,'1497590',853,,285,10,,,0
15000019,'1497596',1538,,286,10,,,0
15000019,'1497598',808,,287,10,,,0
15000019,'1497599',1838,,288,10,,,0
15000019,'1497600',1323,,289,10,,,0
15000019,'1497601',1108,,290,10,,,0
15000019,'1497602',938,,291,10,,,0
15000019,'1497603',938,,292,10,,,0
15000019,'1497604',1023,,293,10,,,0
15000019,'1497605',1753,,294,10,,,0
15000019,'1497606',1623,,295,10,,,0
15000019,'1497607',1623,,296,10,,,0
