2000019,'1497450',1043,,149,28,,,0
2000019,'1497451',958,,150,28,,,0
2000019,'1497452',704,,151,28,,,0
2000019,'1497453',1558,,152,28,,,0
2000019,'1497454',1643,,153,28,,,0
2000019,'1497455',1128,,154,28,,,0
2000019,'1497456',743,,155,28,,,0
2000019,'1497457',913,,156,28,,,0
2000019,'1497458',1728,,157,28,,,0
2000019,'1497459',1213,,158,28,,,0
2000019,'1497460',1513,,159,28,,,0
2000019,'1497461',1343,,160,28,,,0
2000019,'1497462',1428,,161,28,,,0
2000019,'1497463',1813,,162,28,,,0
2000019,'1497464',828,,163,28,,,0
2000019,'1497465',1258,,164,28,,,0
2000019,'1497466',1128,,165,28,,,0
2000019,'1497467',2204,,166,28,,,0
2000019,'1497468',1428,,167,28,,,0
2000019,'1497469',1258,,168,28,,,0
2000019,'1497470',913,,169,28,,,0
2000019,'1497471',1728,,170,28,,,0
2000019,'1497472',2334,,171,28,,,0
2000019,'1497473',1343,,172,28,,,0
2000019,'1497474',1513,,173,28,,,0
2000019,'1497475',958,,174,28,,,0
2000019,'1497476',743,,175,28,,,0
2000019,'1497477',1856,,176,28,,,0
2000019,'1497478',1213,,177,28,,,0
2000019,'1497479',1643,,178,28,,,0
2000019,'1497480',1043,,179,28,,,0
2000019,'1497481',1558,,180,28,,,0
2000019,'1497482',2026,,181,28,,,0
2000019,'1497483',2249,,182,28,,,0
2000019,'1497484',704,,183,28,,,0
2000019,'1497485',1813,,184,28,,,0
2000019,'1497486',1939,,185,28,,,0
2000019,'1497487',2118,,186,28,,,0
2000019,'1497488',828,,187,28,,,0
2000019,'1497541',1347,,188,28,,,0
2000019,'1497542',745,,189,28,,,0
2000019,'1497543',915,,190,28,,,0
2000019,'1497546',1600,,191,28,,,0
2000019,'1497547',1000,,192,28,,,0
2000019,'1497549',1215,,193,28,,,0
2000019,'1497550',700,,194,28,,,0
2000019,'1497551',1817,,195,28,,,0
2000019,'1497552',1432,,196,28,,,0
2000019,'1497553',832,,197,28,,,0
2000019,'1497554',1302,,198,28,,,0
2000019,'1497558',1217,,199,28,,,0
2000019,'1497565',1815,,200,28,,,0
2000019,'1497567',1645,,201,28,,,0
2000019,'1497568',1900,,202,28,,,0
2000019,'1497570',1517,,203,28,,,0
2000019,'1497571',1902,,204,28,,,0
2000019,'1497572',747,,205,28,,,0
2000019,'1497574',1945,,206,28,,,0
2000019,'1497576',1515,,207,28,,,0
2000019,'1497577',1300,,208,28,,,0
2000019,'1497578',1047,,209,28,,,0
2000019,'1497579',1602,,210,28,,,0
2000019,'1497580',917,,211,28,,,0
2000019,'1497583',1430,,212,28,,,0
2000019,'1497584',1132,,213,28,,,0
2000019,'1497586',1130,,214,28,,,0
2000019,'1497591',2030,,215,28,,,0
2000019,'1497592',1345,,216,28,,,0
2000019,'1497593',1732,,217,28,,,0
2000019,'1497594',1647,,218,28,,,0
2000019,'1497595',1045,,219,28,,,0
2000019,'1497597',1002,,220,28,,,0
2000019,'1497608',1730,,221,28,,,0
2000019,'1497609',830,,222,28,,,0
