2000,2000019,'1497450',149
2000,2000019,'1497451',150
2000,2000019,'1497452',151
2000,2000019,'1497453',152
2000,2000019,'1497454',153
2000,2000019,'1497455',154
2000,2000019,'1497456',155
2000,2000019,'1497457',156
2000,2000019,'1497458',157
2000,2000019,'1497459',158
2000,2000019,'1497460',159
2000,2000019,'1497461',160
2000,2000019,'1497462',161
2000,2000019,'1497463',162
2000,2000019,'1497464',163
2000,2000019,'1497465',164
2000,2000019,'1497466',165
2000,2000019,'1497467',166
2000,2000019,'1497468',167
2000,2000019,'1497469',168
2000,2000019,'1497470',169
2000,2000019,'1497471',170
2000,2000019,'1497472',171
2000,2000019,'1497473',172
2000,2000019,'1497474',173
2000,2000019,'1497475',174
2000,2000019,'1497476',175
2000,2000019,'1497477',176
2000,2000019,'1497478',177
2000,2000019,'1497479',178
2000,2000019,'1497480',179
2000,2000019,'1497481',180
2000,2000019,'1497482',181
2000,2000019,'1497483',182
2000,2000019,'1497484',183
2000,2000019,'1497485',184
2000,2000019,'1497486',185
2000,2000019,'1497487',186
2000,2000019,'1497488',187
2000,2000019,'1497541',188
2000,2000019,'1497542',189
2000,2000019,'1497543',190
2000,2000019,'1497546',191
2000,2000019,'1497547',192
2000,2000019,'1497549',193
2000,2000019,'1497550',194
2000,2000019,'1497551',195
2000,2000019,'1497552',196
2000,2000019,'1497553',197
2000,2000019,'1497554',198
2000,2000019,'1497558',199
2000,2000019,'1497565',200
2000,2000019,'1497567',201
2000,2000019,'1497568',202
2000,2000019,'1497570',203
2000,2000019,'1497571',204
2000,2000019,'1497572',205
2000,2000019,'1497574',206
2000,2000019,'1497576',207
2000,2000019,'1497577',208
2000,2000019,'1497578',209
2000,2000019,'1497579',210
2000,2000019,'1497580',211
2000,2000019,'1497583',212
2000,2000019,'1497584',213
2000,2000019,'1497586',214
2000,2000019,'1497591',215
2000,2000019,'1497592',216
2000,2000019,'1497593',217
2000,2000019,'1497594',218
2000,2000019,'1497595',219
2000,2000019,'1497597',220
2000,2000019,'1497608',221
2000,2000019,'1497609',222
15000,15000019,'1497501',223
15000,15000019,'1497502',224
15000,15000019,'1497503',225
15000,15000019,'1497504',226
15000,15000019,'1497505',227
15000,15000019,'1497506',228
15000,15000019,'1497507',229
15000,15000019,'1497508',230
15000,15000019,'1497509',231
15000,15000019,'1497510',232
15000,15000019,'1497511',233
15000,15000019,'1497512',234
15000,15000019,'1497513',235
15000,15000019,'1497514',236
15000,15000019,'1497515',237
15000,15000019,'1497516',238
15000,15000019,'1497517',239
15000,15000019,'1497518',240
15000,15000019,'1497519',241
15000,15000019,'1497520',242
15000,15000019,'1497521',243
15000,15000019,'1497522',244
15000,15000019,'1497523',245
15000,15000019,'1497524',246
15000,15000019,'1497525',247
15000,15000019,'1497526',248
15000,15000019,'1497527',249
15000,15000019,'1497528',250
15000,15000019,'1497529',251
15000,15000019,'1497530',252
15000,15000019,'1497531',253
15000,15000019,'1497532',254
15000,15000019,'1497533',255
15000,15000019,'1497534',256
15000,15000019,'1497535',257
15000,15000019,'1497536',258
15000,15000019,'1497537',259
15000,15000019,'1497538',260
15000,15000019,'1497539',261
15000,15000019,'1497540',262
15000,15000019,'1497544',263
15000,15000019,'1497545',264
15000,15000019,'1497548',265
15000,15000019,'1497555',266
15000,15000019,'1497556',267
15000,15000019,'1497557',268
15000,15000019,'1497559',269
15000,15000019,'1497560',270
15000,15000019,'1497561',271
15000,15000019,'1497562',272
15000,15000019,'1497563',273
15000,15000019,'1497564',274
15000,15000019,'1497566',275
15000,15000019,'1497569',276
15000,15000019,'1497573',277
15000,15000019,'1497575',278
15000,15000019,'1497581',279
15000,15000019,'1497582',280
15000,15000019,'1497585',281
15000,15000019,'1497587',282
15000,15000019,'1497588',283
15000,15000019,'1497589',284
15000,15000019,'1497590',285
15000,15000019,'1497596',286
15000,15000019,'1497598',287
15000,15000019,'1497599',288
15000,15000019,'1497600',289
15000,15000019,'1497601',290
15000,15000019,'1497602',291
15000,15000019,'1497603',292
15000,15000019,'1497604',293
15000,15000019,'1497605',294
15000,15000019,'1497606',295
15000,15000019,'1497607',296
