15000019,'1497501',1619,,223,7,,,0
15000019,'1497502',1104,,224,7,,,0
15000019,'1497503',1019,,225,7,,,0
15000019,'1497504',1234,,226,7,,,0
15000019,'1497505',934,,227,7,,,0
15000019,'1497506',1449,,228,7,,,0
15000019,'1497507',1704,,229,7,,,0
15000019,'1497508',1404,,230,7,,,0
15000019,'1497509',1149,,231,7,,,0
15000019,'1497510',1749,,232,7,,,0
15000019,'1497511',849,,233,7,,,0
15000019,'1497512',634,,234,7,,,0
15000019,'1497513',804,,235,7,,,0
15000019,'1497514',1319,,236,7,,,0
15000019,'1497515',1534,,237,7,,,0
15000019,'1497516',719,,238,7,,,0
15000019,'1497517',1019,,239,7,,,0
15000019,'1497518',1319,,240,7,,,0
15000019,'1497519',634,,241,7,,,0
15000019,'1497520',1449,,242,7,,,0
15000019,'1497521',2134,,243,7,,,0
15000019,'1497522',1919,,244,7,,,0
15000019,'1497523',2049,,245,7,,,0
15000019,'1497524',2304,,246,7,,,0
15000019,'1497525',804,,247,7,,,0
15000019,'1497526',1834,,248,7,,,0
15000019,'1497527',719,,249,7,,,0
15000019,'1497528',2219,,250,7,,,0
15000019,'1497529',934,,251,7,,,0
15000019,'1497530',1404,,252,7,,,0
15000019,'1497531',1619,,253,7,,,0
15000019,'1497532',1534,,254,7,,,0
15000019,'1497533',1749,,255,7,,,0
15000019,'1497534',1704,,256,7,,,0
15000019,'1497535',849,,257,7,,,0
15000019,'1497536',2004,,258,7,,,0
15000019,'1497537',1104,,259,7,,,0
15000019,'1497538',1149,,260,7,,,0
15000019,'1497539',1234,,261,7,,,0
15000019,'1497540',1150,,262,7,,,0
15000019,'1497544',1405,,263,7,,,0
15000019,'1497545',1705,,264,7,,,0
15000019,'1497548',1235,,265,7,,,0
15000019,'1497555',2005,,266,7,,,0
15000019,'1497556',1235,,267,7,,,0
15000019,'1497557',1020,,268,7,,,0
15000019,'1497559',805,,269,7,,,0
15000019,'1497560',1920,,270,7,,,0
15000019,'1497561',1705,,271,7,,,0
15000019,'1497562',635,,272,7,,,0
15000019,'1497563',1150,,273,7,,,0
15000019,'1497564',1450,,274,7,,,0
15000019,'1497566',1320,,275,7,,,0
15000019,'1497569',1835,,276,7,,,0
15000019,'1497573',720,,277,7,,,0
15000019,'1497575',1450,,278,7,,,0
15000019,'1497581',1750,,279,7,,,0
15000019,'1497582',850,,280,7,,,0
15000019,'1497585',1405,,281,7,,,0
15000019,'1497587',720,,282,7,,,0
15000019,'1497588',1105,,283,7,,,0
15000019,'1497589',1535,,284,7,,,0
15000019,'1497590',850,,285,7,,,0
15000019,'1497596',1535,,286,7,,,0
15000019,'1497598',805,,287,7,,,0
15000019,'1497599',1835,,288,7,,,0
15000019,'1497600',1320,,289,7,,,0
15000019,'1497601',1105,,290,7,,,0
15000019,'1497602',935,,291,7,,,0
15000019,'1497603',935,,292,7,,,0
15000019,'1497604',1020,,293,7,,,0
15000019,'1497605',1750,,294,7,,,0
15000019,'1497606',1620,,295,7,,,0
15000019,'1497607',1620,,296,7,,,0
