2000019,'1497450',1021,,149,7,,,0
2000019,'1497451',936,,150,7,,,0
2000019,'1497452',636,,151,7,,,0
2000019,'1497453',1536,,152,7,,,0
2000019,'1497454',1621,,153,7,,,0
2000019,'1497455',1106,,154,7,,,0
2000019,'1497456',721,,155,7,,,0
2000019,'1497457',851,,156,7,,,0
2000019,'1497458',1706,,157,7,,,0
2000019,'1497459',1151,,158,7,,,0
2000019,'1497460',1451,,159,7,,,0
2000019,'1497461',1321,,160,7,,,0
2000019,'1497462',1406,,161,7,,,0
2000019,'1497463',1751,,162,7,,,0
2000019,'1497464',806,,163,7,,,0
2000019,'1497465',1236,,164,7,,,0
2000019,'1497466',1106,,165,7,,,0
2000019,'1497467',2136,,166,7,,,0
2000019,'1497468',1406,,167,7,,,0
2000019,'1497469',1236,,168,7,,,0
2000019,'1497470',851,,169,7,,,0
2000019,'1497471',1706,,170,7,,,0
2000019,'1497472',2306,,171,7,,,0
2000019,'1497473',1321,,172,7,,,0
2000019,'1497474',1451,,173,7,,,0
2000019,'1497475',936,,174,7,,,0
2000019,'1497476',721,,175,7,,,0
2000019,'1497477',1835,,176,7,,,0
2000019,'1497478',1151,,177,7,,,0
2000019,'1497479',1621,,178,7,,,0
2000019,'1497480',1021,,179,7,,,0
2000019,'1497481',1536,,180,7,,,0
2000019,'1497482',2006,,181,7,,,0
2000019,'1497483',2221,,182,7,,,0
2000019,'1497484',636,,183,7,,,0
2000019,'1497485',1751,,184,7,,,0
2000019,'1497486',1920,,185,7,,,0
2000019,'1497487',2051,,186,7,,,0
2000019,'1497488',806,,187,7,,,0
2000019,'1497541',1321,,188,7,,,0
2000019,'1497542',721,,189,7,,,0
2000019,'1497543',851,,190,7,,,0
2000019,'1497546',1536,,191,7,,,0
2000019,'1497547',936,,192,7,,,0
2000019,'1497549',1151,,193,7,,,0
2000019,'1497550',636,,194,7,,,0
2000019,'1497551',1751,,195,7,,,0
2000019,'1497552',1406,,196,7,,,0
2000019,'1497553',806,,197,7,,,0
2000019,'1497554',1236,,198,7,,,0
2000019,'1497558',1151,,199,7,,,0
2000019,'1497565',1751,,200,7,,,0
2000019,'1497567',1621,,201,7,,,0
2000019,'1497568',1836,,202,7,,,0
2000019,'1497570',1451,,203,7,,,0
2000019,'1497571',1836,,204,7,,,0
2000019,'1497572',721,,205,7,,,0
2000019,'1497574',1921,,206,7,,,0
2000019,'1497576',1451,,207,7,,,0
2000019,'1497577',1236,,208,7,,,0
2000019,'1497578',1021,,209,7,,,0
2000019,'1497579',1536,,210,7,,,0
2000019,'1497580',851,,211,7,,,0
2000019,'1497583',1406,,212,7,,,0
2000019,'1497584',1106,,213,7,,,0
2000019,'1497586',1106,,214,7,,,0
2000019,'1497591',2006,,215,7,,,0
2000019,'1497592',1321,,216,7,,,0
2000019,'1497593',1706,,217,7,,,0
2000019,'1497594',1621,,218,7,,,0
2000019,'1497595',1021,,219,7,,,0
2000019,'1497597',936,,220,7,,,0
2000019,'1497608',1706,,221,7,,,0
2000019,'1497609',806,,222,7,,,0
