15000019,'1497501',1656,,223,36,,,0
15000019,'1497502',1141,,224,36,,,0
15000019,'1497503',1056,,225,36,,,0
15000019,'1497504',1311,,226,36,,,0
15000019,'1497505',1011,,227,36,,,0
15000019,'1497506',1526,,228,36,,,0
15000019,'1497507',1741,,229,36,,,0
15000019,'1497508',1441,,230,36,,,0
15000019,'1497509',1226,,231,36,,,0
15000019,'1497510',1826,,232,36,,,0
15000019,'1497511',926,,233,36,,,0
15000019,'1497512',711,,234,36,,,0
15000019,'1497513',841,,235,36,,,0
15000019,'1497514',1356,,236,36,,,0
15000019,'1497515',1611,,237,36,,,0
15000019,'1497516',756,,238,36,,,0
15000019,'1497517',1055,,239,36,,,0
15000019,'1497518',1355,,240,36,,,0
15000019,'1497519',710,,241,36,,,0
15000019,'1497520',1525,,242,36,,,0
15000019,'1497521',2210,,243,36,,,0
15000019,'1497522',1955,,244,36,,,0
15000019,'1497523',2125,,245,36,,,0
15000019,'1497524',2340,,246,36,,,0
15000019,'1497525',840,,247,36,,,0
15000019,'1497526',1910,,248,36,,,0
15000019,'1497527',755,,249,36,,,0
15000019,'1497528',2255,,250,36,,,0
15000019,'1497529',1010,,251,36,,,0
15000019,'1497530',1440,,252,36,,,0
15000019,'1497531',1655,,253,36,,,0
15000019,'1497532',1610,,254,36,,,0
15000019,'1497533',1825,,255,36,,,0
15000019,'1497534',1740,,256,36,,,0
15000019,'1497535',925,,257,36,,,0
15000019,'1497536',2040,,258,36,,,0
15000019,'1497537',1140,,259,36,,,0
15000019,'1497538',1225,,260,36,,,0
15000019,'1497539',1310,,261,36,,,0
15000019,'1497540',1224,,262,36,,,0
15000019,'1497544',1439,,263,36,,,0
15000019,'1497545',1739,,264,36,,,0
15000019,'1497548',1309,,265,36,,,0
15000019,'1497555',2039,,266,36,,,0
15000019,'1497556',1313,,267,36,,,0
15000019,'1497557',1058,,268,36,,,0
15000019,'1497559',843,,269,36,,,0
15000019,'1497560',1954,,270,36,,,0
15000019,'1497561',1743,,271,36,,,0
15000019,'1497562',709,,272,36,,,0
15000019,'1497563',1228,,273,36,,,0
15000019,'1497564',1528,,274,36,,,0
15000019,'1497566',1358,,275,36,,,0
15000019,'1497569',1909,,276,36,,,0
15000019,'1497573',754,,277,36,,,0
15000019,'1497575',1524,,278,36,,,0
15000019,'1497581',1828,,279,36,,,0
15000019,'1497582',928,,280,36,,,0
15000019,'1497585',1443,,281,36,,,0
15000019,'1497587',758,,282,36,,,0
15000019,'1497588',1139,,283,36,,,0
15000019,'1497589',1613,,284,36,,,0
15000019,'1497590',924,,285,36,,,0
15000019,'1497596',1609,,286,36,,,0
15000019,'1497598',839,,287,36,,,0
15000019,'1497599',1913,,288,36,,,0
15000019,'1497600',1354,,289,36,,,0
15000019,'1497601',1143,,290,36,,,0
15000019,'1497602',1009,,291,36,,,0
15000019,'1497603',1013,,292,36,,,0
15000019,'1497604',1054,,293,36,,,0
15000019,'1497605',1824,,294,36,,,0
15000019,'1497606',1654,,295,36,,,0
15000019,'1497607',1658,,296,36,,,0
