15000019,'1497501',1629,,223,14,,,0
15000019,'1497502',1114,,224,14,,,0
15000019,'1497503',1029,,225,14,,,0
15000019,'1497504',1244,,226,14,,,0
15000019,'1497505',944,,227,14,,,0
15000019,'1497506',1459,,228,14,,,0
15000019,'1497507',1714,,229,14,,,0
15000019,'1497508',1414,,230,14,,,0
15000019,'1497509',1159,,231,14,,,0
15000019,'1497510',1759,,232,14,,,0
15000019,'1497511',859,,233,14,,,0
15000019,'1497512',644,,234,14,,,0
15000019,'1497513',814,,235,14,,,0
15000019,'1497514',1329,,236,14,,,0
15000019,'1497515',1544,,237,14,,,0
15000019,'1497516',729,,238,14,,,0
15000019,'1497517',1029,,239,14,,,0
15000019,'1497518',1329,,240,14,,,0
15000019,'1497519',644,,241,14,,,0
15000019,'1497520',1459,,242,14,,,0
15000019,'1497521',2144,,243,14,,,0
15000019,'1497522',1929,,244,14,,,0
15000019,'1497523',2059,,245,14,,,0
15000019,'1497524',2314,,246,14,,,0
15000019,'1497525',814,,247,14,,,0
15000019,'1497526',1844,,248,14,,,0
15000019,'1497527',729,,249,14,,,0
15000019,'1497528',2229,,250,14,,,0
15000019,'1497529',944,,251,14,,,0
15000019,'1497530',1414,,252,14,,,0
15000019,'1497531',1629,,253,14,,,0
15000019,'1497532',1544,,254,14,,,0
15000019,'1497533',1759,,255,14,,,0
15000019,'1497534',1714,,256,14,,,0
15000019,'1497535',859,,257,14,,,0
15000019,'1497536',2014,,258,14,,,0
15000019,'1497537',1114,,259,14,,,0
15000019,'1497538',1159,,260,14,,,0
15000019,'1497539',1244,,261,14,,,0
15000019,'1497540',1200,,262,14,,,0
15000019,'1497544',1415,,263,14,,,0
15000019,'1497545',1715,,264,14,,,0
15000019,'1497548',1245,,265,14,,,0
15000019,'1497555',2015,,266,14,,,0
15000019,'1497556',1245,,267,14,,,0
15000019,'1497557',1030,,268,14,,,0
15000019,'1497559',815,,269,14,,,0
15000019,'1497560',1930,,270,14,,,0
15000019,'1497561',1715,,271,14,,,0
15000019,'1497562',645,,272,14,,,0
15000019,'1497563',1200,,273,14,,,0
15000019,'1497564',1500,,274,14,,,0
15000019,'1497566',1330,,275,14,,,0
15000019,'1497569',1845,,276,14,,,0
15000019,'1497573',730,,277,14,,,0
15000019,'1497575',1500,,278,14,,,0
15000019,'1497581',1800,,279,14,,,0
15000019,'1497582',900,,280,14,,,0
15000019,'1497585',1415,,281,14,,,0
15000019,'1497587',730,,282,14,,,0
15000019,'1497588',1115,,283,14,,,0
15000019,'1497589',1545,,284,14,,,0
15000019,'1497590',900,,285,14,,,0
15000019,'1497596',1545,,286,14,,,0
15000019,'1497598',815,,287,14,,,0
15000019,'1497599',1845,,288,14,,,0
15000019,'1497600',1330,,289,14,,,0
15000019,'1497601',1115,,290,14,,,0
15000019,'1497602',945,,291,14,,,0
15000019,'1497603',945,,292,14,,,0
15000019,'1497604',1030,,293,14,,,0
15000019,'1497605',1800,,294,14,,,0
15000019,'1497606',1630,,295,14,,,0
15000019,'1497607',1630,,296,14,,,0
