15000019,'1497501',1646,,223,30,,,0
15000019,'1497502',1131,,224,30,,,0
15000019,'1497503',1046,,225,30,,,0
15000019,'1497504',1301,,226,30,,,0
15000019,'1497505',1001,,227,30,,,0
15000019,'1497506',1516,,228,30,,,0
15000019,'1497507',1731,,229,30,,,0
15000019,'1497508',1431,,230,30,,,0
15000019,'1497509',1216,,231,30,,,0
15000019,'1497510',1816,,232,30,,,0
15000019,'1497511',916,,233,30,,,0
15000019,'1497512',701,,234,30,,,0
15000019,'1497513',831,,235,30,,,0
15000019,'1497514',1346,,236,30,,,0
15000019,'1497515',1601,,237,30,,,0
15000019,'1497516',746,,238,30,,,0
15000019,'1497517',1045,,239,30,,,0
15000019,'1497518',1345,,240,30,,,0
15000019,'1497519',700,,241,30,,,0
15000019,'1497520',1515,,242,30,,,0
15000019,'1497521',2200,,243,30,,,0
15000019,'1497522',1945,,244,30,,,0
15000019,'1497523',2115,,245,30,,,0
15000019,'1497524',2330,,246,30,,,0
15000019,'1497525',830,,247,30,,,0
15000019,'1497526',1900,,248,30,,,0
15000019,'1497527',745,,249,30,,,0
15000019,'1497528',2245,,250,30,,,0
15000019,'1497529',1000,,251,30,,,0
15000019,'1497530',1430,,252,30,,,0
15000019,'1497531',1645,,253,30,,,0
15000019,'1497532',1600,,254,30,,,0
15000019,'1497533',1815,,255,30,,,0
15000019,'1497534',1730,,256,30,,,0
15000019,'1497535',915,,257,30,,,0
15000019,'1497536',2030,,258,30,,,0
15000019,'1497537',1130,,259,30,,,0
15000019,'1497538',1215,,260,30,,,0
15000019,'1497539',1300,,261,30,,,0
15000019,'1497540',1216,,262,30,,,0
15000019,'1497544',1431,,263,30,,,0
15000019,'1497545',1731,,264,30,,,0
15000019,'1497548',1301,,265,30,,,0
15000019,'1497555',2031,,266,30,,,0
15000019,'1497556',1303,,267,30,,,0
15000019,'1497557',1048,,268,30,,,0
15000019,'1497559',833,,269,30,,,0
15000019,'1497560',1946,,270,30,,,0
15000019,'1497561',1733,,271,30,,,0
15000019,'1497562',701,,272,30,,,0
15000019,'1497563',1218,,273,30,,,0
15000019,'1497564',1518,,274,30,,,0
15000019,'1497566',1348,,275,30,,,0
15000019,'1497569',1901,,276,30,,,0
15000019,'1497573',746,,277,30,,,0
15000019,'1497575',1516,,278,30,,,0
15000019,'1497581',1818,,279,30,,,0
15000019,'1497582',918,,280,30,,,0
15000019,'1497585',1433,,281,30,,,0
15000019,'1497587',748,,282,30,,,0
15000019,'1497588',1131,,283,30,,,0
15000019,'1497589',1603,,284,30,,,0
15000019,'1497590',916,,285,30,,,0
15000019,'1497596',1601,,286,30,,,0
15000019,'1497598',831,,287,30,,,0
15000019,'1497599',1903,,288,30,,,0
15000019,'1497600',1346,,289,30,,,0
15000019,'1497601',1133,,290,30,,,0
15000019,'1497602',1001,,291,30,,,0
15000019,'1497603',1003,,292,30,,,0
15000019,'1497604',1046,,293,30,,,0
15000019,'1497605',1816,,294,30,,,0
15000019,'1497606',1646,,295,30,,,0
15000019,'1497607',1648,,296,30,,,0
