2000019,'1497450',1031,,149,17,,,0
2000019,'1497451',946,,150,17,,,0
2000019,'1497452',647,,151,17,,,0
2000019,'1497453',1546,,152,17,,,0
2000019,'1497454',1631,,153,17,,,0
2000019,'1497455',1116,,154,17,,,0
2000019,'1497456',731,,155,17,,,0
2000019,'1497457',901,,156,17,,,0
2000019,'1497458',1716,,157,17,,,0
2000019,'1497459',1201,,158,17,,,0
2000019,'1497460',1501,,159,17,,,0
2000019,'1497461',1331,,160,17,,,0
2000019,'1497462',1416,,161,17,,,0
2000019,'1497463',1801,,162,17,,,0
2000019,'1497464',816,,163,17,,,0
2000019,'1497465',1246,,164,17,,,0
2000019,'1497466',1116,,165,17,,,0
2000019,'1497467',2147,,166,17,,,0
2000019,'1497468',1416,,167,17,,,0
2000019,'1497469',1246,,168,17,,,0
2000019,'1497470',901,,169,17,,,0
2000019,'1497471',1716,,170,17,,,0
2000019,'1497472',2317,,171,17,,,0
2000019,'1497473',1331,,172,17,,,0
2000019,'1497474',1501,,173,17,,,0
2000019,'1497475',946,,174,17,,,0
2000019,'1497476',731,,175,17,,,0
2000019,'1497477',1844,,176,17,,,0
2000019,'1497478',1201,,177,17,,,0
2000019,'1497479',1631,,178,17,,,0
2000019,'1497480',1031,,179,17,,,0
2000019,'1497481',1546,,180,17,,,0
2000019,'1497482',2016,,181,17,,,0
2000019,'1497483',2232,,182,17,,,0
2000019,'1497484',647,,183,17,,,0
2000019,'1497485',1801,,184,17,,,0
2000019,'1497486',1929,,185,17,,,0
2000019,'1497487',2102,,186,17,,,0
2000019,'1497488',816,,187,17,,,0
2000019,'1497541',1331,,188,17,,,0
2000019,'1497542',730,,189,17,,,0
2000019,'1497543',900,,190,17,,,0
2000019,'1497546',1545,,191,17,,,0
2000019,'1497547',945,,192,17,,,0
2000019,'1497549',1200,,193,17,,,0
2000019,'1497550',645,,194,17,,,0
2000019,'1497551',1801,,195,17,,,0
2000019,'1497552',1416,,196,17,,,0
2000019,'1497553',816,,197,17,,,0
2000019,'1497554',1246,,198,17,,,0
2000019,'1497558',1201,,199,17,,,0
2000019,'1497565',1800,,200,17,,,0
2000019,'1497567',1630,,201,17,,,0
2000019,'1497568',1845,,202,17,,,0
2000019,'1497570',1501,,203,17,,,0
2000019,'1497571',1846,,204,17,,,0
2000019,'1497572',731,,205,17,,,0
2000019,'1497574',1930,,206,17,,,0
2000019,'1497576',1500,,207,17,,,0
2000019,'1497577',1245,,208,17,,,0
2000019,'1497578',1031,,209,17,,,0
2000019,'1497579',1546,,210,17,,,0
2000019,'1497580',901,,211,17,,,0
2000019,'1497583',1415,,212,17,,,0
2000019,'1497584',1116,,213,17,,,0
2000019,'1497586',1115,,214,17,,,0
2000019,'1497591',2015,,215,17,,,0
2000019,'1497592',1330,,216,17,,,0
2000019,'1497593',1716,,217,17,,,0
2000019,'1497594',1631,,218,17,,,0
2000019,'1497595',1030,,219,17,,,0
2000019,'1497597',946,,220,17,,,0
2000019,'1497608',1715,,221,17,,,0
2000019,'1497609',815,,222,17,,,0
