15000019,'1497501',1653,,223,33,,,0
15000019,'1497502',1138,,224,33,,,0
15000019,'1497503',1053,,225,33,,,0
15000019,'1497504',1308,,226,33,,,0
15000019,'1497505',1008,,227,33,,,0
15000019,'1497506',1523,,228,33,,,0
15000019,'1497507',1738,,229,33,,,0
15000019,'1497508',1438,,230,33,,,0
15000019,'1497509',1223,,231,33,,,0
15000019,'1497510',1823,,232,33,,,0
15000019,'1497511',923,,233,33,,,0
15000019,'1497512',708,,234,33,,,0
15000019,'1497513',838,,235,33,,,0
15000019,'1497514',1353,,236,33,,,0
15000019,'1497515',1608,,237,33,,,0
15000019,'1497516',753,,238,33,,,0
15000019,'1497517',1051,,239,33,,,0
15000019,'1497518',1351,,240,33,,,0
15000019,'1497519',706,,241,33,,,0
15000019,'1497520',1521,,242,33,,,0
15000019,'1497521',2206,,243,33,,,0
15000019,'1497522',1951,,244,33,,,0
15000019,'1497523',2121,,245,33,,,0
15000019,'1497524',2336,,246,33,,,0
15000019,'1497525',836,,247,33,,,0
15000019,'1497526',1906,,248,33,,,0
15000019,'1497527',751,,249,33,,,0
15000019,'1497528',2251,,250,33,,,0
15000019,'1497529',1006,,251,33,,,0
15000019,'1497530',1436,,252,33,,,0
15000019,'1497531',1651,,253,33,,,0
15000019,'1497532',1606,,254,33,,,0
15000019,'1497533',1821,,255,33,,,0
15000019,'1497534',1736,,256,33,,,0
15000019,'1497535',921,,257,33,,,0
15000019,'1497536',2036,,258,33,,,0
15000019,'1497537',1136,,259,33,,,0
15000019,'1497538',1221,,260,33,,,0
15000019,'1497539',1306,,261,33,,,0
15000019,'1497540',1221,,262,33,,,0
15000019,'1497544',1436,,263,33,,,0
15000019,'1497545',1736,,264,33,,,0
15000019,'1497548',1306,,265,33,,,0
15000019,'1497555',2036,,266,33,,,0
15000019,'1497556',1309,,267,33,,,0
15000019,'1497557',1054,,268,33,,,0
15000019,'1497559',839,,269,33,,,0
15000019,'1497560',1951,,270,33,,,0
15000019,'1497561',1739,,271,33,,,0
15000019,'1497562',706,,272,33,,,0
15000019,'1497563',1224,,273,33,,,0
15000019,'1497564',1524,,274,33,,,0
15000019,'1497566',1354,,275,33,,,0
15000019,'1497569',1906,,276,33,,,0
15000019,'1497573',751,,277,33,,,0
15000019,'1497575',1521,,278,33,,,0
15000019,'1497581',1824,,279,33,,,0
15000019,'1497582',924,,280,33,,,0
15000019,'1497585',1439,,281,33,,,0
15000019,'1497587',754,,282,33,,,0
15000019,'1497588',1136,,283,33,,,0
15000019,'1497589',1609,,284,33,,,0
15000019,'1497590',921,,285,33,,,0
15000019,'1497596',1606,,286,33,,,0
15000019,'1497598',836,,287,33,,,0
15000019,'1497599',1909,,288,33,,,0
15000019,'1497600',1351,,289,33,,,0
15000019,'1497601',1139,,290,33,,,0
15000019,'1497602',1006,,291,33,,,0
15000019,'1497603',1009,,292,33,,,0
15000019,'1497604',1051,,293,33,,,0
15000019,'1497605',1821,,294,33,,,0
15000019,'1497606',1651,,295,33,,,0
15000019,'1497607',1654,,296,33,,,0
