2000019,'1497450',1029,,149,15,,,0
2000019,'1497451',944,,150,15,,,0
2000019,'1497452',644,,151,15,,,0
2000019,'1497453',1544,,152,15,,,0
2000019,'1497454',1629,,153,15,,,0
2000019,'1497455',1114,,154,15,,,0
2000019,'1497456',729,,155,15,,,0
2000019,'1497457',859,,156,15,,,0
2000019,'1497458',1714,,157,15,,,0
2000019,'1497459',1159,,158,15,,,0
2000019,'1497460',1459,,159,15,,,0
2000019,'1497461',1329,,160,15,,,0
2000019,'1497462',1414,,161,15,,,0
2000019,'1497463',1759,,162,15,,,0
2000019,'1497464',814,,163,15,,,0
2000019,'1497465',1244,,164,15,,,0
2000019,'1497466',1114,,165,15,,,0
2000019,'1497467',2144,,166,15,,,0
2000019,'1497468',1414,,167,15,,,0
2000019,'1497469',1244,,168,15,,,0
2000019,'1497470',859,,169,15,,,0
2000019,'1497471',1714,,170,15,,,0
2000019,'1497472',2314,,171,15,,,0
2000019,'1497473',1329,,172,15,,,0
2000019,'1497474',1459,,173,15,,,0
2000019,'1497475',944,,174,15,,,0
2000019,'1497476',729,,175,15,,,0
2000019,'1497477',1842,,176,15,,,0
2000019,'1497478',1159,,177,15,,,0
2000019,'1497479',1629,,178,15,,,0
2000019,'1497480',1029,,179,15,,,0
2000019,'1497481',1544,,180,15,,,0
2000019,'1497482',2014,,181,15,,,0
2000019,'1497483',2229,,182,15,,,0
2000019,'1497484',644,,183,15,,,0
2000019,'1497485',1759,,184,15,,,0
2000019,'1497486',1927,,185,15,,,0
2000019,'1497487',2059,,186,15,,,0
2000019,'1497488',814,,187,15,,,0
2000019,'1497541',1329,,188,15,,,0
2000019,'1497542',728,,189,15,,,0
2000019,'1497543',858,,190,15,,,0
2000019,'1497546',1543,,191,15,,,0
2000019,'1497547',943,,192,15,,,0
2000019,'1497549',1158,,193,15,,,0
2000019,'1497550',643,,194,15,,,0
2000019,'1497551',1759,,195,15,,,0
2000019,'1497552',1414,,196,15,,,0
2000019,'1497553',814,,197,15,,,0
2000019,'1497554',1244,,198,15,,,0
2000019,'1497558',1159,,199,15,,,0
2000019,'1497565',1758,,200,15,,,0
2000019,'1497567',1628,,201,15,,,0
2000019,'1497568',1843,,202,15,,,0
2000019,'1497570',1459,,203,15,,,0
2000019,'1497571',1844,,204,15,,,0
2000019,'1497572',729,,205,15,,,0
2000019,'1497574',1928,,206,15,,,0
2000019,'1497576',1458,,207,15,,,0
2000019,'1497577',1243,,208,15,,,0
2000019,'1497578',1029,,209,15,,,0
2000019,'1497579',1544,,210,15,,,0
2000019,'1497580',859,,211,15,,,0
2000019,'1497583',1413,,212,15,,,0
2000019,'1497584',1114,,213,15,,,0
2000019,'1497586',1113,,214,15,,,0
2000019,'1497591',2013,,215,15,,,0
2000019,'1497592',1328,,216,15,,,0
2000019,'1497593',1714,,217,15,,,0
2000019,'1497594',1629,,218,15,,,0
2000019,'1497595',1028,,219,15,,,0
2000019,'1497597',944,,220,15,,,0
2000019,'1497608',1713,,221,15,,,0
2000019,'1497609',813,,222,15,,,0
