15000019,'1497501',1644,,223,28,,,0
15000019,'1497502',1129,,224,28,,,0
15000019,'1497503',1044,,225,28,,,0
15000019,'1497504',1259,,226,28,,,0
15000019,'1497505',959,,227,28,,,0
15000019,'1497506',1514,,228,28,,,0
15000019,'1497507',1729,,229,28,,,0
15000019,'1497508',1429,,230,28,,,0
15000019,'1497509',1214,,231,28,,,0
15000019,'1497510',1814,,232,28,,,0
15000019,'1497511',914,,233,28,,,0
15000019,'1497512',659,,234,28,,,0
15000019,'1497513',829,,235,28,,,0
15000019,'1497514',1344,,236,28,,,0
15000019,'1497515',1559,,237,28,,,0
15000019,'1497516',744,,238,28,,,0
15000019,'1497517',1043,,239,28,,,0
15000019,'1497518',1343,,240,28,,,0
15000019,'1497519',658,,241,28,,,0
15000019,'1497520',1513,,242,28,,,0
15000019,'1497521',2158,,243,28,,,0
15000019,'1497522',1943,,244,28,,,0
15000019,'1497523',2113,,245,28,,,0
15000019,'1497524',2328,,246,28,,,0
15000019,'1497525',828,,247,28,,,0
15000019,'1497526',1858,,248,28,,,0
15000019,'1497527',743,,249,28,,,0
15000019,'1497528',2243,,250,28,,,0
15000019,'1497529',958,,251,28,,,0
15000019,'1497530',1428,,252,28,,,0
15000019,'1497531',1643,,253,28,,,0
15000019,'1497532',1558,,254,28,,,0
15000019,'1497533',1813,,255,28,,,0
15000019,'1497534',1728,,256,28,,,0
15000019,'1497535',913,,257,28,,,0
15000019,'1497536',2028,,258,28,,,0
15000019,'1497537',1128,,259,28,,,0
15000019,'1497538',1213,,260,28,,,0
15000019,'1497539',1258,,261,28,,,0
15000019,'1497540',1214,,262,28,,,0
15000019,'1497544',1429,,263,28,,,0
15000019,'1497545',1729,,264,28,,,0
15000019,'1497548',1259,,265,28,,,0
15000019,'1497555',2029,,266,28,,,0
15000019,'1497556',1300,,267,28,,,0
15000019,'1497557',1045,,268,28,,,0
15000019,'1497559',830,,269,28,,,0
15000019,'1497560',1944,,270,28,,,0
15000019,'1497561',1730,,271,28,,,0
15000019,'1497562',659,,272,28,,,0
15000019,'1497563',1215,,273,28,,,0
15000019,'1497564',1515,,274,28,,,0
15000019,'1497566',1345,,275,28,,,0
15000019,'1497569',1859,,276,28,,,0
15000019,'1497573',744,,277,28,,,0
15000019,'1497575',1514,,278,28,,,0
15000019,'1497581',1815,,279,28,,,0
15000019,'1497582',915,,280,28,,,0
15000019,'1497585',1430,,281,28,,,0
15000019,'1497587',745,,282,28,,,0
15000019,'1497588',1129,,283,28,,,0
15000019,'1497589',1600,,284,28,,,0
15000019,'1497590',914,,285,28,,,0
15000019,'1497596',1559,,286,28,,,0
15000019,'1497598',829,,287,28,,,0
15000019,'1497599',1900,,288,28,,,0
15000019,'1497600',1344,,289,28,,,0
15000019,'1497601',1130,,290,28,,,0
15000019,'1497602',959,,291,28,,,0
15000019,'1497603',1000,,292,28,,,0
15000019,'1497604',1044,,293,28,,,0
15000019,'1497605',1814,,294,28,,,0
15000019,'1497606',1644,,295,28,,,0
15000019,'1497607',1645,,296,28,,,0
