2000019,'1497450',1017,,149,3,,,0
2000019,'1497451',932,,150,3,,,0
2000019,'1497452',632,,151,3,,,0
2000019,'1497453',1532,,152,3,,,0
2000019,'1497454',1617,,153,3,,,0
2000019,'1497455',1102,,154,3,,,0
2000019,'1497456',717,,155,3,,,0
2000019,'1497457',847,,156,3,,,0
2000019,'1497458',1702,,157,3,,,0
2000019,'1497459',1147,,158,3,,,0
2000019,'1497460',1447,,159,3,,,0
2000019,'1497461',1317,,160,3,,,0
2000019,'1497462',1402,,161,3,,,0
2000019,'1497463',1747,,162,3,,,0
2000019,'1497464',802,,163,3,,,0
2000019,'1497465',1232,,164,3,,,0
2000019,'1497466',1102,,165,3,,,0
2000019,'1497467',2132,,166,3,,,0
2000019,'1497468',1402,,167,3,,,0
2000019,'1497469',1232,,168,3,,,0
2000019,'1497470',847,,169,3,,,0
2000019,'1497471',1702,,170,3,,,0
2000019,'1497472',2302,,171,3,,,0
2000019,'1497473',1317,,172,3,,,0
2000019,'1497474',1447,,173,3,,,0
2000019,'1497475',932,,174,3,,,0
2000019,'1497476',717,,175,3,,,0
2000019,'1497477',1832,,176,3,,,0
2000019,'1497478',1147,,177,3,,,0
2000019,'1497479',1617,,178,3,,,0
2000019,'1497480',1017,,179,3,,,0
2000019,'1497481',1532,,180,3,,,0
2000019,'1497482',2002,,181,3,,,0
2000019,'1497483',2217,,182,3,,,0
2000019,'1497484',632,,183,3,,,0
2000019,'1497485',1747,,184,3,,,0
2000019,'1497486',1917,,185,3,,,0
2000019,'1497487',2047,,186,3,,,0
2000019,'1497488',802,,187,3,,,0
2000019,'1497541',1317,,188,3,,,0
2000019,'1497542',717,,189,3,,,0
2000019,'1497543',847,,190,3,,,0
2000019,'1497546',1532,,191,3,,,0
2000019,'1497547',932,,192,3,,,0
2000019,'1497549',1147,,193,3,,,0
2000019,'1497550',632,,194,3,,,0
2000019,'1497551',1747,,195,3,,,0
2000019,'1497552',1402,,196,3,,,0
2000019,'1497553',802,,197,3,,,0
2000019,'1497554',1232,,198,3,,,0
2000019,'1497558',1147,,199,3,,,0
2000019,'1497565',1747,,200,3,,,0
2000019,'1497567',1617,,201,3,,,0
2000019,'1497568',1832,,202,3,,,0
2000019,'1497570',1447,,203,3,,,0
2000019,'1497571',1832,,204,3,,,0
2000019,'1497572',717,,205,3,,,0
2000019,'1497574',1917,,206,3,,,0
2000019,'1497576',1447,,207,3,,,0
2000019,'1497577',1232,,208,3,,,0
2000019,'1497578',1017,,209,3,,,0
2000019,'1497579',1532,,210,3,,,0
2000019,'1497580',847,,211,3,,,0
2000019,'1497583',1402,,212,3,,,0
2000019,'1497584',1102,,213,3,,,0
2000019,'1497586',1102,,214,3,,,0
2000019,'1497591',2002,,215,3,,,0
2000019,'1497592',1317,,216,3,,,0
2000019,'1497593',1702,,217,3,,,0
2000019,'1497594',1617,,218,3,,,0
2000019,'1497595',1017,,219,3,,,0
2000019,'1497597',932,,220,3,,,0
2000019,'1497608',1702,,221,3,,,0
2000019,'1497609',802,,222,3,,,0
