2000019,'1497450',1037,,149,25,,,0
2000019,'1497451',952,,150,25,,,0
2000019,'1497452',658,,151,25,,,0
2000019,'1497453',1552,,152,25,,,0
2000019,'1497454',1637,,153,25,,,0
2000019,'1497455',1122,,154,25,,,0
2000019,'1497456',737,,155,25,,,0
2000019,'1497457',907,,156,25,,,0
2000019,'1497458',1722,,157,25,,,0
2000019,'1497459',1207,,158,25,,,0
2000019,'1497460',1507,,159,25,,,0
2000019,'1497461',1337,,160,25,,,0
2000019,'1497462',1422,,161,25,,,0
2000019,'1497463',1807,,162,25,,,0
2000019,'1497464',822,,163,25,,,0
2000019,'1497465',1252,,164,25,,,0
2000019,'1497466',1122,,165,25,,,0
2000019,'1497467',2158,,166,25,,,0
2000019,'1497468',1422,,167,25,,,0
2000019,'1497469',1252,,168,25,,,0
2000019,'1497470',907,,169,25,,,0
2000019,'1497471',1722,,170,25,,,0
2000019,'1497472',2328,,171,25,,,0
2000019,'1497473',1337,,172,25,,,0
2000019,'1497474',1507,,173,25,,,0
2000019,'1497475',952,,174,25,,,0
2000019,'1497476',737,,175,25,,,0
2000019,'1497477',1850,,176,25,,,0
2000019,'1497478',1207,,177,25,,,0
2000019,'1497479',1637,,178,25,,,0
2000019,'1497480',1037,,179,25,,,0
2000019,'1497481',1552,,180,25,,,0
2000019,'1497482',2021,,181,25,,,0
2000019,'1497483',2243,,182,25,,,0
2000019,'1497484',658,,183,25,,,0
2000019,'1497485',1807,,184,25,,,0
2000019,'1497486',1935,,185,25,,,0
2000019,'1497487',2113,,186,25,,,0
2000019,'1497488',822,,187,25,,,0
2000019,'1497541',1342,,188,25,,,0
2000019,'1497542',740,,189,25,,,0
2000019,'1497543',910,,190,25,,,0
2000019,'1497546',1555,,191,25,,,0
2000019,'1497547',955,,192,25,,,0
2000019,'1497549',1210,,193,25,,,0
2000019,'1497550',655,,194,25,,,0
2000019,'1497551',1812,,195,25,,,0
2000019,'1497552',1427,,196,25,,,0
2000019,'1497553',827,,197,25,,,0
2000019,'1497554',1257,,198,25,,,0
2000019,'1497558',1212,,199,25,,,0
2000019,'1497565',1810,,200,25,,,0
2000019,'1497567',1640,,201,25,,,0
2000019,'1497568',1855,,202,25,,,0
2000019,'1497570',1512,,203,25,,,0
2000019,'1497571',1857,,204,25,,,0
2000019,'1497572',742,,205,25,,,0
2000019,'1497574',1940,,206,25,,,0
2000019,'1497576',1510,,207,25,,,0
2000019,'1497577',1255,,208,25,,,0
2000019,'1497578',1042,,209,25,,,0
2000019,'1497579',1557,,210,25,,,0
2000019,'1497580',912,,211,25,,,0
2000019,'1497583',1425,,212,25,,,0
2000019,'1497584',1127,,213,25,,,0
2000019,'1497586',1125,,214,25,,,0
2000019,'1497591',2025,,215,25,,,0
2000019,'1497592',1340,,216,25,,,0
2000019,'1497593',1727,,217,25,,,0
2000019,'1497594',1642,,218,25,,,0
2000019,'1497595',1040,,219,25,,,0
2000019,'1497597',957,,220,25,,,0
2000019,'1497608',1725,,221,25,,,0
2000019,'1497609',825,,222,25,,,0
