15000019,'1497501',1616,,223,2,,,0
15000019,'1497502',1101,,224,2,,,0
15000019,'1497503',1016,,225,2,,,0
15000019,'1497504',1231,,226,2,,,0
15000019,'1497505',931,,227,2,,,0
15000019,'1497506',1446,,228,2,,,0
15000019,'1497507',1701,,229,2,,,0
15000019,'1497508',1401,,230,2,,,0
15000019,'1497509',1146,,231,2,,,0
15000019,'1497510',1746,,232,2,,,0
15000019,'1497511',846,,233,2,,,0
15000019,'1497512',631,,234,2,,,0
15000019,'1497513',801,,235,2,,,0
15000019,'1497514',1316,,236,2,,,0
15000019,'1497515',1531,,237,2,,,0
15000019,'1497516',716,,238,2,,,0
15000019,'1497517',1016,,239,2,,,0
15000019,'1497518',1316,,240,2,,,0
15000019,'1497519',631,,241,2,,,0
15000019,'1497520',1446,,242,2,,,0
15000019,'1497521',2131,,243,2,,,0
15000019,'1497522',1916,,244,2,,,0
15000019,'1497523',2046,,245,2,,,0
15000019,'1497524',2301,,246,2,,,0
15000019,'1497525',801,,247,2,,,0
15000019,'1497526',1831,,248,2,,,0
15000019,'1497527',716,,249,2,,,0
15000019,'1497528',2216,,250,2,,,0
15000019,'1497529',931,,251,2,,,0
15000019,'1497530',1401,,252,2,,,0
15000019,'1497531',1616,,253,2,,,0
15000019,'1497532',1531,,254,2,,,0
15000019,'1497533',1746,,255,2,,,0
15000019,'1497534',1701,,256,2,,,0
15000019,'1497535',846,,257,2,,,0
15000019,'1497536',2001,,258,2,,,0
15000019,'1497537',1101,,259,2,,,0
15000019,'1497538',1146,,260,2,,,0
15000019,'1497539',1231,,261,2,,,0
15000019,'1497540',1146,,262,2,,,0
15000019,'1497544',1401,,263,2,,,0
15000019,'1497545',1701,,264,2,,,0
15000019,'1497548',1231,,265,2,,,0
15000019,'1497555',2001,,266,2,,,0
15000019,'1497556',1231,,267,2,,,0
15000019,'1497557',1016,,268,2,,,0
15000019,'1497559',801,,269,2,,,0
15000019,'1497560',1916,,270,2,,,0
15000019,'1497561',1701,,271,2,,,0
15000019,'1497562',631,,272,2,,,0
15000019,'1497563',1146,,273,2,,,0
15000019,'1497564',1446,,274,2,,,0
15000019,'1497566',1316,,275,2,,,0
15000019,'1497569',1831,,276,2,,,0
15000019,'1497573',716,,277,2,,,0
15000019,'1497575',1446,,278,2,,,0
15000019,'1497581',1746,,279,2,,,0
15000019,'1497582',846,,280,2,,,0
15000019,'1497585',1401,,281,2,,,0
15000019,'1497587',716,,282,2,,,0
15000019,'1497588',1101,,283,2,,,0
15000019,'1497589',1531,,284,2,,,0
15000019,'1497590',846,,285,2,,,0
15000019,'1497596',1531,,286,2,,,0
15000019,'1497598',801,,287,2,,,0
15000019,'1497599',1831,,288,2,,,0
15000019,'1497600',1316,,289,2,,,0
15000019,'1497601',1101,,290,2,,,0
15000019,'1497602',931,,291,2,,,0
15000019,'1497603',931,,292,2,,,0
15000019,'1497604',1016,,293,2,,,0
15000019,'1497605',1746,,294,2,,,0
15000019,'1497606',1616,,295,2,,,0
15000019,'1497607',1616,,296,2,,,0
