15000019,'1497501',1623,,223,11,,,0
15000019,'1497502',1108,,224,11,,,0
15000019,'1497503',1023,,225,11,,,0
15000019,'1497504',1238,,226,11,,,0
15000019,'1497505',938,,227,11,,,0
15000019,'1497506',1453,,228,11,,,0
15000019,'1497507',1708,,229,11,,,0
15000019,'1497508',1408,,230,11,,,0
15000019,'1497509',1153,,231,11,,,0
15000019,'1497510',1753,,232,11,,,0
15000019,'1497511',853,,233,11,,,0
15000019,'1497512',638,,234,11,,,0
15000019,'1497513',808,,235,11,,,0
15000019,'1497514',1323,,236,11,,,0
15000019,'1497515',1538,,237,11,,,0
15000019,'1497516',723,,238,11,,,0
15000019,'1497517',1023,,239,11,,,0
15000019,'1497518',1323,,240,11,,,0
15000019,'1497519',638,,241,11,,,0
15000019,'1497520',1453,,242,11,,,0
15000019,'1497521',2138,,243,11,,,0
15000019,'1497522',1923,,244,11,,,0
15000019,'1497523',2053,,245,11,,,0
15000019,'1497524',2308,,246,11,,,0
15000019,'1497525',808,,247,11,,,0
15000019,'1497526',1838,,248,11,,,0
15000019,'1497527',723,,249,11,,,0
15000019,'1497528',2223,,250,11,,,0
15000019,'1497529',938,,251,11,,,0
15000019,'1497530',1408,,252,11,,,0
15000019,'1497531',1623,,253,11,,,0
15000019,'1497532',1538,,254,11,,,0
15000019,'1497533',1753,,255,11,,,0
15000019,'1497534',1708,,256,11,,,0
15000019,'1497535',853,,257,11,,,0
15000019,'1497536',2008,,258,11,,,0
15000019,'1497537',1108,,259,11,,,0
15000019,'1497538',1153,,260,11,,,0
15000019,'1497539',1238,,261,11,,,0
15000019,'1497540',1154,,262,11,,,0
15000019,'1497544',1409,,263,11,,,0
15000019,'1497545',1709,,264,11,,,0
15000019,'1497548',1239,,265,11,,,0
15000019,'1497555',2009,,266,11,,,0
15000019,'1497556',1238,,267,11,,,0
15000019,'1497557',1023,,268,11,,,0
15000019,'1497559',808,,269,11,,,0
15000019,'1497560',1924,,270,11,,,0
15000019,'1497561',1708,,271,11,,,0
15000019,'1497562',639,,272,11,,,0
15000019,'1497563',1153,,273,11,,,0
15000019,'1497564',1453,,274,11,,,0
15000019,'1497566',1323,,275,11,,,0
15000019,'1497569',1839,,276,11,,,0
15000019,'1497573',724,,277,11,,,0
15000019,'1497575',1454,,278,11,,,0
15000019,'1497581',1753,,279,11,,,0
15000019,'1497582',853,,280,11,,,0
15000019,'1497585',1408,,281,11,,,0
15000019,'1497587',723,,282,11,,,0
15000019,'1497588',1109,,283,11,,,0
15000019,'1497589',1538,,284,11,,,0
15000019,'1497590',854,,285,11,,,0
15000019,'1497596',1539,,286,11,,,0
15000019,'1497598',809,,287,11,,,0
15000019,'1497599',1838,,288,11,,,0
15000019,'1497600',1324,,289,11,,,0
15000019,'1497601',1108,,290,11,,,0
15000019,'1497602',939,,291,11,,,0
15000019,'1497603',938,,292,11,,,0
15000019,'1497604',1024,,293,11,,,0
15000019,'1497605',1754,,294,11,,,0
15000019,'1497606',1624,,295,11,,,0
15000019,'1497607',1623,,296,11,,,0
