2000019,'1497450',1042,,149,27,,,0
2000019,'1497451',957,,150,27,,,0
2000019,'1497452',703,,151,27,,,0
2000019,'1497453',1557,,152,27,,,0
2000019,'1497454',1642,,153,27,,,0
2000019,'1497455',1127,,154,27,,,0
2000019,'1497456',742,,155,27,,,0
2000019,'1497457',912,,156,27,,,0
2000019,'1497458',1727,,157,27,,,0
2000019,'1497459',1212,,158,27,,,0
2000019,'1497460',1512,,159,27,,,0
2000019,'1497461',1342,,160,27,,,0
2000019,'1497462',1427,,161,27,,,0
2000019,'1497463',1812,,162,27,,,0
2000019,'1497464',827,,163,27,,,0
2000019,'1497465',1257,,164,27,,,0
2000019,'1497466',1127,,165,27,,,0
2000019,'1497467',2203,,166,27,,,0
2000019,'1497468',1427,,167,27,,,0
2000019,'1497469',1257,,168,27,,,0
2000019,'1497470',912,,169,27,,,0
2000019,'1497471',1727,,170,27,,,0
2000019,'1497472',2333,,171,27,,,0
2000019,'1497473',1342,,172,27,,,0
2000019,'1497474',1512,,173,27,,,0
2000019,'1497475',957,,174,27,,,0
2000019,'1497476',742,,175,27,,,0
2000019,'1497477',1855,,176,27,,,0
2000019,'1497478',1212,,177,27,,,0
2000019,'1497479',1642,,178,27,,,0
2000019,'1497480',1042,,179,27,,,0
2000019,'1497481',1557,,180,27,,,0
2000019,'1497482',2025,,181,27,,,0
2000019,'1497483',2248,,182,27,,,0
2000019,'1497484',703,,183,27,,,0
2000019,'1497485',1812,,184,27,,,0
2000019,'1497486',1938,,185,27,,,0
2000019,'1497487',2117,,186,27,,,0
2000019,'1497488',827,,187,27,,,0
2000019,'1497541',1346,,188,27,,,0
2000019,'1497542',744,,189,27,,,0
2000019,'1497543',914,,190,27,,,0
2000019,'1497546',1559,,191,27,,,0
2000019,'1497547',959,,192,27,,,0
2000019,'1497549',1214,,193,27,,,0
2000019,'1497550',659,,194,27,,,0
2000019,'1497551',1816,,195,27,,,0
2000019,'1497552',1431,,196,27,,,0
2000019,'1497553',831,,197,27,,,0
2000019,'1497554',1301,,198,27,,,0
2000019,'1497558',1216,,199,27,,,0
2000019,'1497565',1814,,200,27,,,0
2000019,'1497567',1644,,201,27,,,0
2000019,'1497568',1859,,202,27,,,0
2000019,'1497570',1516,,203,27,,,0
2000019,'1497571',1901,,204,27,,,0
2000019,'1497572',746,,205,27,,,0
2000019,'1497574',1944,,206,27,,,0
2000019,'1497576',1514,,207,27,,,0
2000019,'1497577',1259,,208,27,,,0
2000019,'1497578',1046,,209,27,,,0
2000019,'1497579',1601,,210,27,,,0
2000019,'1497580',916,,211,27,,,0
2000019,'1497583',1429,,212,27,,,0
2000019,'1497584',1131,,213,27,,,0
2000019,'1497586',1129,,214,27,,,0
2000019,'1497591',2029,,215,27,,,0
2000019,'1497592',1344,,216,27,,,0
2000019,'1497593',1731,,217,27,,,0
2000019,'1497594',1646,,218,27,,,0
2000019,'1497595',1044,,219,27,,,0
2000019,'1497597',1001,,220,27,,,0
2000019,'1497608',1729,,221,27,,,0
2000019,'1497609',829,,222,27,,,0
