15000019,'1497501',1642,,223,26,,,0
15000019,'1497502',1127,,224,26,,,0
15000019,'1497503',1042,,225,26,,,0
15000019,'1497504',1257,,226,26,,,0
15000019,'1497505',957,,227,26,,,0
15000019,'1497506',1512,,228,26,,,0
15000019,'1497507',1727,,229,26,,,0
15000019,'1497508',1427,,230,26,,,0
15000019,'1497509',1212,,231,26,,,0
15000019,'1497510',1812,,232,26,,,0
15000019,'1497511',912,,233,26,,,0
15000019,'1497512',657,,234,26,,,0
15000019,'1497513',827,,235,26,,,0
15000019,'1497514',1342,,236,26,,,0
15000019,'1497515',1557,,237,26,,,0
15000019,'1497516',742,,238,26,,,0
15000019,'1497517',1041,,239,26,,,0
15000019,'1497518',1341,,240,26,,,0
15000019,'1497519',656,,241,26,,,0
15000019,'1497520',1511,,242,26,,,0
15000019,'1497521',2156,,243,26,,,0
15000019,'1497522',1941,,244,26,,,0
15000019,'1497523',2111,,245,26,,,0
15000019,'1497524',2326,,246,26,,,0
15000019,'1497525',826,,247,26,,,0
15000019,'1497526',1856,,248,26,,,0
15000019,'1497527',741,,249,26,,,0
15000019,'1497528',2241,,250,26,,,0
15000019,'1497529',956,,251,26,,,0
15000019,'1497530',1426,,252,26,,,0
15000019,'1497531',1641,,253,26,,,0
15000019,'1497532',1556,,254,26,,,0
15000019,'1497533',1811,,255,26,,,0
15000019,'1497534',1726,,256,26,,,0
15000019,'1497535',911,,257,26,,,0
15000019,'1497536',2026,,258,26,,,0
15000019,'1497537',1126,,259,26,,,0
15000019,'1497538',1211,,260,26,,,0
15000019,'1497539',1256,,261,26,,,0
15000019,'1497540',1213,,262,26,,,0
15000019,'1497544',1428,,263,26,,,0
15000019,'1497545',1728,,264,26,,,0
15000019,'1497548',1258,,265,26,,,0
15000019,'1497555',2028,,266,26,,,0
15000019,'1497556',1259,,267,26,,,0
15000019,'1497557',1044,,268,26,,,0
15000019,'1497559',829,,269,26,,,0
15000019,'1497560',1943,,270,26,,,0
15000019,'1497561',1729,,271,26,,,0
15000019,'1497562',658,,272,26,,,0
15000019,'1497563',1214,,273,26,,,0
15000019,'1497564',1514,,274,26,,,0
15000019,'1497566',1344,,275,26,,,0
15000019,'1497569',1858,,276,26,,,0
15000019,'1497573',743,,277,26,,,0
15000019,'1497575',1513,,278,26,,,0
15000019,'1497581',1814,,279,26,,,0
15000019,'1497582',914,,280,26,,,0
15000019,'1497585',1429,,281,26,,,0
15000019,'1497587',744,,282,26,,,0
15000019,'1497588',1128,,283,26,,,0
15000019,'1497589',1559,,284,26,,,0
15000019,'1497590',913,,285,26,,,0
15000019,'1497596',1558,,286,26,,,0
15000019,'1497598',828,,287,26,,,0
15000019,'1497599',1859,,288,26,,,0
15000019,'1497600',1343,,289,26,,,0
15000019,'1497601',1129,,290,26,,,0
15000019,'1497602',958,,291,26,,,0
15000019,'1497603',959,,292,26,,,0
15000019,'1497604',1043,,293,26,,,0
15000019,'1497605',1813,,294,26,,,0
15000019,'1497606',1643,,295,26,,,0
15000019,'1497607',1644,,296,26,,,0
