2000019,'1489685',2030,,1,30,,,0
2000019,'1489691',1947,,2,30,,,0
2000019,'1489692',1902,,3,30,,,0
2000019,'1489694',1647,,4,30,,,0
2000019,'1489697',1045,,5,30,,,0
2000019,'1489698',832,,6,30,,,0
2000019,'1489699',1217,,7,30,,,0
2000019,'1489700',1047,,8,30,,,0
2000019,'1489701',1215,,9,30,,,0
2000019,'1489702',1515,,10,30,,,0
2000019,'1489705',1600,,11,30,,,0
2000019,'1489712',1130,,12,30,,,0
2000019,'1489713',1602,,13,30,,,0
2000019,'1489714',1002,,14,30,,,0
2000019,'1489717',1132,,15,30,,,0
2000019,'1489719',2120,,16,30,,,0
2000019,'1489725',1215,,17,30,,,0
2000019,'1489726',1047,,18,30,,,0
2000019,'1489727',1430,,19,30,,,0
2000019,'1489732',1347,,20,30,,,0
2000019,'1489733',745,,21,30,,,0
2000019,'1489740',830,,22,30,,,0
2000019,'1489743',917,,23,30,,,0
2000019,'1489746',1302,,24,30,,,0
2000019,'1489750',1132,,25,30,,,0
2000019,'1489751',1900,,26,30,,,0
2000019,'1489754',1515,,27,30,,,0
2000019,'1489755',747,,28,30,,,0
2000019,'1489758',1647,,29,30,,,0
2000019,'1489759',1517,,30,30,,,0
2000019,'1489767',1517,,31,30,,,0
2000019,'1489768',1432,,32,30,,,0
2000019,'1489770',1815,,33,30,,,0
2000019,'1489772',2032,,34,30,,,0
2000019,'1489774',1430,,35,30,,,0
2000019,'1489775',1902,,36,30,,,0
2000019,'1489777',1130,,37,30,,,0
2000019,'1489783',1347,,38,30,,,0
2000019,'1489784',705,,39,30,,,0
2000019,'1489785',1815,,40,30,,,0
2000019,'1489789',1002,,41,30,,,0
2000019,'1489790',1000,,42,30,,,0
2000019,'1489791',1645,,43,30,,,0
2000019,'1489793',915,,44,30,,,0
2000019,'1489795',1600,,45,30,,,0
2000019,'1489796',1945,,46,30,,,0
2000019,'1489797',1302,,47,30,,,0
2000019,'1489800',1730,,48,30,,,0
2000019,'1489804',832,,49,30,,,0
2000019,'1489805',2250,,50,30,,,0
2000019,'1489807',1602,,51,30,,,0
2000019,'1489808',915,,52,30,,,0
2000019,'1489810',1345,,53,30,,,0
2000019,'1489812',1000,,54,30,,,0
2000019,'1489813',1300,,55,30,,,0
2000019,'1489814',1217,,56,30,,,0
2000019,'1489816',747,,57,30,,,0
2000019,'1489817',917,,58,30,,,0
2000019,'1489818',1432,,59,30,,,0
2000019,'1489825',830,,60,30,,,0
2000019,'1489826',1045,,61,30,,,0
2000019,'1489829',2205,,62,30,,,0
2000019,'1489830',1730,,63,30,,,0
2000019,'1489831',1817,,64,30,,,0
2000019,'1489836',1732,,65,30,,,0
2000019,'1489837',745,,66,30,,,0
2000019,'1489840',1817,,67,30,,,0
2000019,'1489841',1345,,68,30,,,0
2000019,'1489843',1300,,69,30,,,0
2000019,'1489847',1645,,70,30,,,0
2000019,'1489849',1732,,71,30,,,0
2000019,'1489850',2335,,72,30,,,0
2000019,'1489851',705,,73,30,,,0
2000019,'1489853',703,,74,30,,,0
