2000019,'1497450',1028,,149,14,,,0
2000019,'1497451',943,,150,14,,,0
2000019,'1497452',643,,151,14,,,0
2000019,'1497453',1543,,152,14,,,0
2000019,'1497454',1628,,153,14,,,0
2000019,'1497455',1113,,154,14,,,0
2000019,'1497456',728,,155,14,,,0
2000019,'1497457',858,,156,14,,,0
2000019,'1497458',1713,,157,14,,,0
2000019,'1497459',1158,,158,14,,,0
2000019,'1497460',1458,,159,14,,,0
2000019,'1497461',1328,,160,14,,,0
2000019,'1497462',1413,,161,14,,,0
2000019,'1497463',1758,,162,14,,,0
2000019,'1497464',813,,163,14,,,0
2000019,'1497465',1243,,164,14,,,0
2000019,'1497466',1113,,165,14,,,0
2000019,'1497467',2143,,166,14,,,0
2000019,'1497468',1413,,167,14,,,0
2000019,'1497469',1243,,168,14,,,0
2000019,'1497470',858,,169,14,,,0
2000019,'1497471',1713,,170,14,,,0
2000019,'1497472',2313,,171,14,,,0
2000019,'1497473',1328,,172,14,,,0
2000019,'1497474',1458,,173,14,,,0
2000019,'1497475',943,,174,14,,,0
2000019,'1497476',728,,175,14,,,0
2000019,'1497477',1841,,176,14,,,0
2000019,'1497478',1158,,177,14,,,0
2000019,'1497479',1628,,178,14,,,0
2000019,'1497480',1028,,179,14,,,0
2000019,'1497481',1543,,180,14,,,0
2000019,'1497482',2013,,181,14,,,0
2000019,'1497483',2228,,182,14,,,0
2000019,'1497484',643,,183,14,,,0
2000019,'1497485',1758,,184,14,,,0
2000019,'1497486',1926,,185,14,,,0
2000019,'1497487',2058,,186,14,,,0
2000019,'1497488',813,,187,14,,,0
2000019,'1497541',1328,,188,14,,,0
2000019,'1497542',727,,189,14,,,0
2000019,'1497543',857,,190,14,,,0
2000019,'1497546',1542,,191,14,,,0
2000019,'1497547',942,,192,14,,,0
2000019,'1497549',1157,,193,14,,,0
2000019,'1497550',642,,194,14,,,0
2000019,'1497551',1758,,195,14,,,0
2000019,'1497552',1413,,196,14,,,0
2000019,'1497553',813,,197,14,,,0
2000019,'1497554',1243,,198,14,,,0
2000019,'1497558',1158,,199,14,,,0
2000019,'1497565',1757,,200,14,,,0
2000019,'1497567',1627,,201,14,,,0
2000019,'1497568',1842,,202,14,,,0
2000019,'1497570',1458,,203,14,,,0
2000019,'1497571',1843,,204,14,,,0
2000019,'1497572',728,,205,14,,,0
2000019,'1497574',1927,,206,14,,,0
2000019,'1497576',1457,,207,14,,,0
2000019,'1497577',1242,,208,14,,,0
2000019,'1497578',1028,,209,14,,,0
2000019,'1497579',1543,,210,14,,,0
2000019,'1497580',858,,211,14,,,0
2000019,'1497583',1412,,212,14,,,0
2000019,'1497584',1113,,213,14,,,0
2000019,'1497586',1112,,214,14,,,0
2000019,'1497591',2012,,215,14,,,0
2000019,'1497592',1327,,216,14,,,0
2000019,'1497593',1713,,217,14,,,0
2000019,'1497594',1628,,218,14,,,0
2000019,'1497595',1027,,219,14,,,0
2000019,'1497597',943,,220,14,,,0
2000019,'1497608',1712,,221,14,,,0
2000019,'1497609',812,,222,14,,,0
