15000019,'1497501',1630,,223,16,,,0
15000019,'1497502',1115,,224,16,,,0
15000019,'1497503',1030,,225,16,,,0
15000019,'1497504',1245,,226,16,,,0
15000019,'1497505',945,,227,16,,,0
15000019,'1497506',1500,,228,16,,,0
15000019,'1497507',1715,,229,16,,,0
15000019,'1497508',1415,,230,16,,,0
15000019,'1497509',1200,,231,16,,,0
15000019,'1497510',1800,,232,16,,,0
15000019,'1497511',900,,233,16,,,0
15000019,'1497512',645,,234,16,,,0
15000019,'1497513',815,,235,16,,,0
15000019,'1497514',1330,,236,16,,,0
15000019,'1497515',1545,,237,16,,,0
15000019,'1497516',730,,238,16,,,0
15000019,'1497517',1030,,239,16,,,0
15000019,'1497518',1330,,240,16,,,0
15000019,'1497519',645,,241,16,,,0
15000019,'1497520',1500,,242,16,,,0
15000019,'1497521',2145,,243,16,,,0
15000019,'1497522',1930,,244,16,,,0
15000019,'1497523',2100,,245,16,,,0
15000019,'1497524',2315,,246,16,,,0
15000019,'1497525',815,,247,16,,,0
15000019,'1497526',1845,,248,16,,,0
15000019,'1497527',730,,249,16,,,0
15000019,'1497528',2230,,250,16,,,0
15000019,'1497529',945,,251,16,,,0
15000019,'1497530',1415,,252,16,,,0
15000019,'1497531',1630,,253,16,,,0
15000019,'1497532',1545,,254,16,,,0
15000019,'1497533',1800,,255,16,,,0
15000019,'1497534',1715,,256,16,,,0
15000019,'1497535',900,,257,16,,,0
15000019,'1497536',2015,,258,16,,,0
15000019,'1497537',1115,,259,16,,,0
15000019,'1497538',1200,,260,16,,,0
15000019,'1497539',1245,,261,16,,,0
15000019,'1497540',1202,,262,16,,,0
15000019,'1497544',1417,,263,16,,,0
15000019,'1497545',1717,,264,16,,,0
15000019,'1497548',1247,,265,16,,,0
15000019,'1497555',2017,,266,16,,,0
15000019,'1497556',1246,,267,16,,,0
15000019,'1497557',1031,,268,16,,,0
15000019,'1497559',816,,269,16,,,0
15000019,'1497560',1932,,270,16,,,0
15000019,'1497561',1716,,271,16,,,0
15000019,'1497562',647,,272,16,,,0
15000019,'1497563',1201,,273,16,,,0
15000019,'1497564',1501,,274,16,,,0
15000019,'1497566',1331,,275,16,,,0
15000019,'1497569',1847,,276,16,,,0
15000019,'1497573',732,,277,16,,,0
15000019,'1497575',1502,,278,16,,,0
15000019,'1497581',1801,,279,16,,,0
15000019,'1497582',901,,280,16,,,0
15000019,'1497585',1416,,281,16,,,0
15000019,'1497587',731,,282,16,,,0
15000019,'1497588',1117,,283,16,,,0
15000019,'1497589',1546,,284,16,,,0
15000019,'1497590',902,,285,16,,,0
15000019,'1497596',1547,,286,16,,,0
15000019,'1497598',817,,287,16,,,0
15000019,'1497599',1846,,288,16,,,0
15000019,'1497600',1332,,289,16,,,0
15000019,'1497601',1116,,290,16,,,0
15000019,'1497602',947,,291,16,,,0
15000019,'1497603',946,,292,16,,,0
15000019,'1497604',1032,,293,16,,,0
15000019,'1497605',1802,,294,16,,,0
15000019,'1497606',1632,,295,16,,,0
15000019,'1497607',1631,,296,16,,,0
