2000019,'1497450',1020,,149,5,,,0
2000019,'1497451',935,,150,5,,,0
2000019,'1497452',635,,151,5,,,0
2000019,'1497453',1535,,152,5,,,0
2000019,'1497454',1620,,153,5,,,0
2000019,'1497455',1105,,154,5,,,0
2000019,'1497456',720,,155,5,,,0
2000019,'1497457',850,,156,5,,,0
2000019,'1497458',1705,,157,5,,,0
2000019,'1497459',1150,,158,5,,,0
2000019,'1497460',1450,,159,5,,,0
2000019,'1497461',1320,,160,5,,,0
2000019,'1497462',1405,,161,5,,,0
2000019,'1497463',1750,,162,5,,,0
2000019,'1497464',805,,163,5,,,0
2000019,'1497465',1235,,164,5,,,0
2000019,'1497466',1105,,165,5,,,0
2000019,'1497467',2135,,166,5,,,0
2000019,'1497468',1405,,167,5,,,0
2000019,'1497469',1235,,168,5,,,0
2000019,'1497470',850,,169,5,,,0
2000019,'1497471',1705,,170,5,,,0
2000019,'1497472',2305,,171,5,,,0
2000019,'1497473',1320,,172,5,,,0
2000019,'1497474',1450,,173,5,,,0
2000019,'1497475',935,,174,5,,,0
2000019,'1497476',720,,175,5,,,0
2000019,'1497477',1834,,176,5,,,0
2000019,'1497478',1150,,177,5,,,0
2000019,'1497479',1620,,178,5,,,0
2000019,'1497480',1020,,179,5,,,0
2000019,'1497481',1535,,180,5,,,0
2000019,'1497482',2005,,181,5,,,0
2000019,'1497483',2220,,182,5,,,0
2000019,'1497484',635,,183,5,,,0
2000019,'1497485',1750,,184,5,,,0
2000019,'1497486',1919,,185,5,,,0
2000019,'1497487',2050,,186,5,,,0
2000019,'1497488',805,,187,5,,,0
2000019,'1497541',1320,,188,5,,,0
2000019,'1497542',720,,189,5,,,0
2000019,'1497543',850,,190,5,,,0
2000019,'1497546',1535,,191,5,,,0
2000019,'1497547',935,,192,5,,,0
2000019,'1497549',1150,,193,5,,,0
2000019,'1497550',635,,194,5,,,0
2000019,'1497551',1750,,195,5,,,0
2000019,'1497552',1405,,196,5,,,0
2000019,'1497553',805,,197,5,,,0
2000019,'1497554',1235,,198,5,,,0
2000019,'1497558',1150,,199,5,,,0
2000019,'1497565',1750,,200,5,,,0
2000019,'1497567',1620,,201,5,,,0
2000019,'1497568',1835,,202,5,,,0
2000019,'1497570',1450,,203,5,,,0
2000019,'1497571',1835,,204,5,,,0
2000019,'1497572',720,,205,5,,,0
2000019,'1497574',1920,,206,5,,,0
2000019,'1497576',1450,,207,5,,,0
2000019,'1497577',1235,,208,5,,,0
2000019,'1497578',1020,,209,5,,,0
2000019,'1497579',1535,,210,5,,,0
2000019,'1497580',850,,211,5,,,0
2000019,'1497583',1405,,212,5,,,0
2000019,'1497584',1105,,213,5,,,0
2000019,'1497586',1105,,214,5,,,0
2000019,'1497591',2005,,215,5,,,0
2000019,'1497592',1320,,216,5,,,0
2000019,'1497593',1705,,217,5,,,0
2000019,'1497594',1620,,218,5,,,0
2000019,'1497595',1020,,219,5,,,0
2000019,'1497597',935,,220,5,,,0
2000019,'1497608',1705,,221,5,,,0
2000019,'1497609',805,,222,5,,,0
