2000019,'1497450',1050,,149,35,,,0
2000019,'1497451',1005,,150,35,,,0
2000019,'1497452',710,,151,35,,,0
2000019,'1497453',1605,,152,35,,,0
2000019,'1497454',1650,,153,35,,,0
2000019,'1497455',1135,,154,35,,,0
2000019,'1497456',750,,155,35,,,0
2000019,'1497457',920,,156,35,,,0
2000019,'1497458',1735,,157,35,,,0
2000019,'1497459',1220,,158,35,,,0
2000019,'1497460',1520,,159,35,,,0
2000019,'1497461',1350,,160,35,,,0
2000019,'1497462',1435,,161,35,,,0
2000019,'1497463',1820,,162,35,,,0
2000019,'1497464',835,,163,35,,,0
2000019,'1497465',1305,,164,35,,,0
2000019,'1497466',1135,,165,35,,,0
2000019,'1497467',2210,,166,35,,,0
2000019,'1497468',1435,,167,35,,,0
2000019,'1497469',1305,,168,35,,,0
2000019,'1497470',920,,169,35,,,0
2000019,'1497471',1735,,170,35,,,0
2000019,'1497472',2340,,171,35,,,0
2000019,'1497473',1350,,172,35,,,0
2000019,'1497474',1520,,173,35,,,0
2000019,'1497475',1005,,174,35,,,0
2000019,'1497476',750,,175,35,,,0
2000019,'1497477',1903,,176,35,,,0
2000019,'1497478',1220,,177,35,,,0
2000019,'1497479',1650,,178,35,,,0
2000019,'1497480',1050,,179,35,,,0
2000019,'1497481',1605,,180,35,,,0
2000019,'1497482',2033,,181,35,,,0
2000019,'1497483',2255,,182,35,,,0
2000019,'1497484',710,,183,35,,,0
2000019,'1497485',1820,,184,35,,,0
2000019,'1497486',1946,,185,35,,,0
2000019,'1497487',2125,,186,35,,,0
2000019,'1497488',835,,187,35,,,0
2000019,'1497541',1354,,188,35,,,0
2000019,'1497542',753,,189,35,,,0
2000019,'1497543',923,,190,35,,,0
2000019,'1497546',1608,,191,35,,,0
2000019,'1497547',1008,,192,35,,,0
2000019,'1497549',1223,,193,35,,,0
2000019,'1497550',708,,194,35,,,0
2000019,'1497551',1824,,195,35,,,0
2000019,'1497552',1439,,196,35,,,0
2000019,'1497553',839,,197,35,,,0
2000019,'1497554',1309,,198,35,,,0
2000019,'1497558',1224,,199,35,,,0
2000019,'1497565',1823,,200,35,,,0
2000019,'1497567',1653,,201,35,,,0
2000019,'1497568',1908,,202,35,,,0
2000019,'1497570',1524,,203,35,,,0
2000019,'1497571',1909,,204,35,,,0
2000019,'1497572',754,,205,35,,,0
2000019,'1497574',1953,,206,35,,,0
2000019,'1497576',1523,,207,35,,,0
2000019,'1497577',1308,,208,35,,,0
2000019,'1497578',1054,,209,35,,,0
2000019,'1497579',1609,,210,35,,,0
2000019,'1497580',924,,211,35,,,0
2000019,'1497583',1438,,212,35,,,0
2000019,'1497584',1139,,213,35,,,0
2000019,'1497586',1138,,214,35,,,0
2000019,'1497591',2038,,215,35,,,0
2000019,'1497592',1353,,216,35,,,0
2000019,'1497593',1739,,217,35,,,0
2000019,'1497594',1654,,218,35,,,0
2000019,'1497595',1053,,219,35,,,0
2000019,'1497597',1009,,220,35,,,0
2000019,'1497608',1738,,221,35,,,0
2000019,'1497609',838,,222,35,,,0
