'1497450',20261224,1
'1497451',20261224,1
'1497452',20261224,1
'1497453',20261224,1
'1497454',20261224,1
'1497455',20261224,1
'1497456',20261224,1
'1497457',20261224,1
'1497458',20261224,1
'1497459',20261224,1
'1497460',20261224,1
'1497461',20261224,1
'1497462',20261224,1
'1497463',20261224,1
'1497464',20261224,1
'1497465',20261224,1
'1497466',20261231,1
'1497467',20261231,1
'1497468',20261231,1
'1497469',20261231,1
'1497470',20261231,1
'1497471',20261231,1
'1497472',20261231,1
'1497473',20261231,1
'1497474',20261231,1
'1497475',20261231,1
'1497476',20261231,1
'1497477',20261231,1
'1497478',20261231,1
'1497479',20261231,1
'1497480',20261231,1
'1497481',20261231,1
'1497482',20261231,1
'1497483',20261231,1
'1497484',20261231,1
'1497485',20261231,1
'1497486',20261231,1
'1497487',20261231,1
'1497488',20261231,1
'1497501',20261224,1
'1497502',20261224,1
'1497503',20261224,1
'1497504',20261224,1
'1497505',20261224,1
'1497506',20261224,1
'1497507',20261224,1
'1497508',20261224,1
'1497509',20261224,1
'1497510',20261224,1
'1497511',20261224,1
'1497512',20261224,1
'1497513',20261224,1
'1497514',20261224,1
'1497515',20261224,1
'1497516',20261224,1
'1497517',20261231,1
'1497518',20261231,1
'1497519',20261231,1
'1497520',20261231,1
'1497521',20261231,1
'1497522',20261231,1
'1497523',20261231,1
'1497524',20261231,1
'1497525',20261231,1
'1497526',20261231,1
'1497527',20261231,1
'1497528',20261231,1
'1497529',20261231,1
'1497530',20261231,1
'1497531',20261231,1
'1497532',20261231,1
'1497533',20261231,1
'1497534',20261231,1
'1497535',20261231,1
'1497536',20261231,1
'1497537',20261231,1
'1497538',20261231,1
'1497539',20261231,1
'1497540',20261008,1,20261009,1,20261013,1,20261014,1,20261015,1,20261016,1,20261019,1,20261020,1,20261021,1,20261022,1,20261023,1,20261026,1,20261027,1,20261028,1,20261029,1,20261030,1,20261102,1,20261103,1,20261104,1,20261105,1,20261106,1,20261109,1,20261110,1,20261111,1,20261112,1,20261113,1,20261116,1,20261117,1,20261118,1,20261119,1,20261120,1,20261123,1,20261124,1,20261125,1,20261126,1,20261127,1,20261130,1,20261201,1,20261202,1,20261203,1,20261204,1,20261207,1,20261208,1,20261209,1,20261210,1,20261211,1,20261214,1,20261215,1,20261216,1,20261217,1,20261218,1,20261221,1,20261222,1,20261223,1,20261228,1,20261229,1,20261230,1
'1497541',20261010,1,20261017,1,20261024,1,20261031,1,20261107,1,20261114,1,20261121,1,20261128,1,20261205,1,20261212,1,20261219,1
'1497542',20261008,1,20261009,1,20261013,1,20261014,1,20261015,1,20261016,1,20261019,1,20261020,1,20261021,1,20261022,1,20261023,1,20261026,1,20261027,1,20261028,1,20261029,1,20261030,1,20261102,1,20261103,1,20261104,1,20261105,1,20261106,1,20261109,1,20261110,1,20261111,1,20261112,1,20261113,1,20261116,1,20261117,1,20261118,1,20261119,1,20261120,1,20261123,1,20261124,1,20261125,1,20261126,1,20261127,1,20261130,1,20261201,1,20261202,1,20261203,1,20261204,1,20261207,1,20261208,1,20261209,1,20261210,1,20261211,1,20261214,1,20261215,1,20261216,1,20261217,1,20261218,1,20261221,1,20261222,1,20261223,1,20261228,1,20261229,1,20261230,1
'1497543',20261008,1,20261009,1,20261013,1,20261014,1,20261015,1,20261016,1,20261019,1,20261020,1,20261021,1,20261022,1,20261023,1,20261026,1,20261027,1,20261028,1,20261029,1,20261030,1,20261102,1,20261103,1,20261104,1,20261105,1,20261106,1,20261109,1,20261110,1,20261111,1,20261112,1,20261113,1,20261116,1,20261117,1,20261118,1,20261119,1,20261120,1,20261123,1,20261124,1,20261125,1,20261126,1,20261127,1,20261130,1,20261201,1,20261202,1,20261203,1,20261204,1,20261207,1,20261208,1,20261209,1,20261210,1,20261211,1,20261214,1,20261215,1,20261216,1,20261217,1,20261218,1,20261221,1,20261222,1,20261223,1,20261228,1,20261229,1,20261230,1
'1497544',20261008,1,20261009,1,20261013,1,20261014,1,20261015,1,20261016,1,20261019,1,20261020,1,20261021,1,20261022,1,20261023,1,20261026,1,20261027,1,20261028,1,20261029,1,20261030,1,20261102,1,20261103,1,20261104,1,20261105,1,20261106,1,20261109,1,20261110,1,20261111,1,20261112,1,20261113,1,20261116,1,20261117,1,20261118,1,20261119,1,20261120,1,20261123,1,20261124,1,20261125,1,20261126,1,20261127,1,20261130,1,20261201,1,20261202,1,20261203,1,20261204,1,20261207,1,20261208,1,20261209,1,20261210,1,20261211,1,20261214,1,20261215,1,20261216,1,20261217,1,20261218,1,20261221,1,20261222,1,20261223,1,20261228,1,20261229,1,20261230,1
'1497545',20261008,1,20261009,1,20261013,1,20261014,1,20261015,1,20261016,1,20261019,1,20261020,1,20261021,1,20261022,1,20261023,1,20261026,1,20261027,1,20261028,1,20261029,1,20261030,1,20261102,1,20261103,1,20261104,1,20261105,1,20261106,1,20261109,1,20261110,1,20261111,1,20261112,1,20261113,1,20261116,1,20261117,1,20261118,1,20261119,1,20261120,1,20261123,1,20261124,1,20261125,1,20261126,1,20261127,1,20261130,1,20261201,1,20261202,1,20261203,1,20261204,1,20261207,1,20261208,1,20261209,1,20261210,1,20261211,1,20261214,1,20261215,1,20261216,1,20261217,1,20261218,1,20261221,1,20261222,1,20261223,1,20261228,1,20261229,1,20261230,1
'1497546',20261008,1,20261009,1,20261013,1,20261014,1,20261015,1,20261016,1,20261019,1,20261020,1,20261021,1,20261022,1,20261023,1,20261026,1,20261027,1,20261028,1,20261029,1,20261030,1,20261102,1,20261103,1,20261104,1,20261105,1,20261106,1,20261109,1,20261110,1,20261111,1,20261112,1,20261113,1,20261116,1,20261117,1,20261118,1,20261119,1,20261120,1,20261123,1,20261124,1,20261125,1,20261126,1,20261127,1,20261130,1,20261201,1,20261202,1,20261203,1,20261204,1,20261207,1,20261208,1,20261209,1,20261210,1,20261211,1,20261214,1,20261215,1,20261216,1,20261217,1,20261218,1,20261221,1,20261222,1,20261223,1,20261228,1,20261229,1,20261230,1
'1497547',20261008,1,20261009,1,20261013,1,20261014,1,20261015,1,20261016,1,20261019,1,20261020,1,20261021,1,20261022,1,20261023,1,20261026,1,20261027,1,20261028,1,20261029,1,20261030,1,20261102,1,20261103,1,20261104,1,20261105,1,20261106,1,20261109,1,20261110,1,20261111,1,20261112,1,20261113,1,20261116,1,20261117,1,20261118,1,20261119,1,20261120,1,20261123,1,20261124,1,20261125,1,20261126,1,20261127,1,20261130,1,20261201,1,20261202,1,20261203,1,20261204,1,20261207,1,20261208,1,20261209,1,20261210,1,20261211,1,20261214,1,20261215,1,20261216,1,20261217,1,20261218,1,20261221,1,20261222,1,20261223,1,20261228,1,20261229,1,20261230,1
'1497548',20261008,1,20261009,1,20261013,1,20261014,1,20261015,1,20261016,1,20261019,1,20261020,1,20261021,1,20261022,1,20261023,1,20261026,1,20261027,1,20261028,1,20261029,1,20261030,1,20261102,1,20261103,1,20261104,1,20261105,1,20261106,1,20261109,1,20261110,1,20261111,1,20261112,1,20261113,1,20261116,1,20261117,1,20261118,1,20261119,1,20261120,1,20261123,1,20261124,1,20261125,1,20261126,1,20261127,1,20261130,1,20261201,1,20261202,1,20261203,1,20261204,1,20261207,1,20261208,1,20261209,1,20261210,1,20261211,1,20261214,1,20261215,1,20261216,1,20261217,1,20261218,1,20261221,1,20261222,1,20261223,1,20261228,1,20261229,1,20261230,1
'1497549',20261008,1,20261009,1,20261013,1,20261014,1,20261015,1,20261016,1,20261019,1,20261020,1,20261021,1,20261022,1,20261023,1,20261026,1,20261027,1,20261028,1,20261029,1,20261030,1,20261102,1,20261103,1,20261104,1,20261105,1,20261106,1,20261109,1,20261110,1,20261111,1,20261112,1,20261113,1,20261116,1,20261117,1,20261118,1,20261119,1,20261120,1,20261123,1,20261124,1,20261125,1,20261126,1,20261127,1,20261130,1,20261201,1,20261202,1,20261203,1,20261204,1,20261207,1,20261208,1,20261209,1,20261210,1,20261211,1,20261214,1,20261215,1,20261216,1,20261217,1,20261218,1,20261221,1,20261222,1,20261223,1,20261228,1,20261229,1,20261230,1
'1497550',20261008,1,20261009,1,20261013,1,20261014,1,20261015,1,20261016,1,20261019,1,20261020,1,20261021,1,20261022,1,20261023,1,20261026,1,20261027,1,20261028,1,20261029,1,20261030,1,20261102,1,20261103,1,20261104,1,20261105,1,20261106,1,20261109,1,20261110,1,20261111,1,20261112,1,20261113,1,20261116,1,20261117,1,20261118,1,20261119,1,20261120,1,20261123,1,20261124,1,20261125,1,20261126,1,20261127,1,20261130,1,20261201,1,20261202,1,20261203,1,20261204,1,20261207,1,20261208,1,20261209,1,20261210,1,20261211,1,20261214,1,20261215,1,20261216,1,20261217,1,20261218,1,20261221,1,20261222,1,20261223,1,20261228,1,20261229,1,20261230,1
'1497551',20261010,1,20261017,1,20261024,1,20261031,1,20261107,1,20261114,1,20261121,1,20261128,1,20261205,1,20261212,1,20261219,1
'1497552',20261010,1,20261017,1,20261024,1,20261031,1,20261107,1,20261114,1,20261121,1,20261128,1,20261205,1,20261212,1,20261219,1
'1497553',20261010,1,20261017,1,20261024,1,20261031,1,20261107,1,20261114,1,20261121,1,20261128,1,20261205,1,20261212,1,20261219,1
'1497554',20261010,1,20261017,1,20261024,1,20261031,1,20261107,1,20261114,1,20261121,1,20261128,1,20261205,1,20261212,1,20261219,1
'1497555',20261008,1,20261009,1,20261013,1,20261014,1,20261015,1,20261016,1,20261019,1,20261020,1,20261021,1,20261022,1,20261023,1,20261026,1,20261027,1,20261028,1,20261029,1,20261030,1,20261102,1,20261103,1,20261104,1,20261105,1,20261106,1,20261109,1,20261110,1,20261111,1,20261112,1,20261113,1,20261116,1,20261117,1,20261118,1,20261119,1,20261120,1,20261123,1,20261124,1,20261125,1,20261126,1,20261127,1,20261130,1,20261201,1,20261202,1,20261203,1,20261204,1,20261207,1,20261208,1,20261209,1,20261210,1,20261211,1,20261214,1,20261215,1,20261216,1,20261217,1,20261218,1,20261221,1,20261222,1,20261223,1,20261228,1,20261229,1,20261230,1
'1497556',20261010,1,20261017,1,20261024,1,20261031,1,20261107,1,20261114,1,20261121,1,20261128,1,20261205,1,20261212,1,20261219,1
'1497557',20261010,1,20261017,1,20261024,1,20261031,1,20261107,1,20261114,1,20261121,1,20261128,1,20261205,1,20261212,1,20261219,1
'1497558',20261010,1,20261017,1,20261024,1,20261031,1,20261107,1,20261114,1,20261121,1,20261128,1,20261205,1,20261212,1,20261219,1
'1497559',20261010,1,20261017,1,20261024,1,20261031,1,20261107,1,20261114,1,20261121,1,20261128,1,20261205,1,20261212,1,20261219,1
'1497560',20261008,1,20261009,1,20261013,1,20261014,1,20261015,1,20261016,1,20261019,1,20261020,1,20261021,1,20261022,1,20261023,1,20261026,1,20261027,1,20261028,1,20261029,1,20261030,1,20261102,1,20261103,1,20261104,1,20261105,1,20261106,1,20261109,1,20261110,1,20261111,1,20261112,1,20261113,1,20261116,1,20261117,1,20261118,1,20261119,1,20261120,1,20261123,1,20261124,1,20261125,1,20261126,1,20261127,1,20261130,1,20261201,1,20261202,1,20261203,1,20261204,1,20261207,1,20261208,1,20261209,1,20261210,1,20261211,1,20261214,1,20261215,1,20261216,1,20261217,1,20261218,1,20261221,1,20261222,1,20261223,1,20261228,1,20261229,1,20261230,1
'1497561',20261010,1,20261017,1,20261024,1,20261031,1,20261107,1,20261114,1,20261121,1,20261128,1,20261205,1,20261212,1,20261219,1
'1497562',20261008,1,20261009,1,20261013,1,20261014,1,20261015,1,20261016,1,20261019,1,20261020,1,20261021,1,20261022,1,20261023,1,20261026,1,20261027,1,20261028,1,20261029,1,20261030,1,20261102,1,20261103,1,20261104,1,20261105,1,20261106,1,20261109,1,20261110,1,20261111,1,20261112,1,20261113,1,20261116,1,20261117,1,20261118,1,20261119,1,20261120,1,20261123,1,20261124,1,20261125,1,20261126,1,20261127,1,20261130,1,20261201,1,20261202,1,20261203,1,20261204,1,20261207,1,20261208,1,20261209,1,20261210,1,20261211,1,20261214,1,20261215,1,20261216,1,20261217,1,20261218,1,20261221,1,20261222,1,20261223,1,20261228,1,20261229,1,20261230,1
'1497563',20261010,1,20261017,1,20261024,1,20261031,1,20261107,1,20261114,1,20261121,1,20261128,1,20261205,1,20261212,1,20261219,1
'1497564',20261010,1,20261017,1,20261024,1,20261031,1,20261107,1,20261114,1,20261121,1,20261128,1,20261205,1,20261212,1,20261219,1
'1497565',20261008,1,20261009,1,20261013,1,20261014,1,20261015,1,20261016,1,20261019,1,20261020,1,20261021,1,20261022,1,20261023,1,20261026,1,20261027,1,20261028,1,20261029,1,20261030,1,20261102,1,20261103,1,20261104,1,20261105,1,20261106,1,20261109,1,20261110,1,20261111,1,20261112,1,20261113,1,20261116,1,20261117,1,20261118,1,20261119,1,20261120,1,20261123,1,20261124,1,20261125,1,20261126,1,20261127,1,20261130,1,20261201,1,20261202,1,20261203,1,20261204,1,20261207,1,20261208,1,20261209,1,20261210,1,20261211,1,20261214,1,20261215,1,20261216,1,20261217,1,20261218,1,20261221,1,20261222,1,20261223,1,20261228,1,20261229,1,20261230,1
'1497566',20261010,1,20261017,1,20261024,1,20261031,1,20261107,1,20261114,1,20261121,1,20261128,1,20261205,1,20261212,1,20261219,1
'1497567',20261008,1,20261009,1,20261013,1,20261014,1,20261015,1,20261016,1,20261019,1,20261020,1,20261021,1,20261022,1,20261023,1,20261026,1,20261027,1,20261028,1,20261029,1,20261030,1,20261102,1,20261103,1,20261104,1,20261105,1,20261106,1,20261109,1,20261110,1,20261111,1,20261112,1,20261113,1,20261116,1,20261117,1,20261118,1,20261119,1,20261120,1,20261123,1,20261124,1,20261125,1,20261126,1,20261127,1,20261130,1,20261201,1,20261202,1,20261203,1,20261204,1,20261207,1,20261208,1,20261209,1,20261210,1,20261211,1,20261214,1,20261215,1,20261216,1,20261217,1,20261218,1,20261221,1,20261222,1,20261223,1,20261228,1,20261229,1,20261230,1
'1497568',20261008,1,20261009,1,20261013,1,20261014,1,20261015,1,20261016,1,20261019,1,20261020,1,20261021,1,20261022,1,20261023,1,20261026,1,20261027,1,20261028,1,20261029,1,20261030,1,20261102,1,20261103,1,20261104,1,20261105,1,20261106,1,20261109,1,20261110,1,20261111,1,20261112,1,20261113,1,20261116,1,20261117,1,20261118,1,20261119,1,20261120,1,20261123,1,20261124,1,20261125,1,20261126,1,20261127,1,20261130,1,20261201,1,20261202,1,20261203,1,20261204,1,20261207,1,20261208,1,20261209,1,20261210,1,20261211,1,20261214,1,20261215,1,20261216,1,20261217,1,20261218,1,20261221,1,20261222,1,20261223,1,20261228,1,20261229,1,20261230,1
'1497569',20261008,1,20261009,1,20261013,1,20261014,1,20261015,1,20261016,1,20261019,1,20261020,1,20261021,1,20261022,1,20261023,1,20261026,1,20261027,1,20261028,1,20261029,1,20261030,1,20261102,1,20261103,1,20261104,1,20261105,1,20261106,1,20261109,1,20261110,1,20261111,1,20261112,1,20261113,1,20261116,1,20261117,1,20261118,1,20261119,1,20261120,1,20261123,1,20261124,1,20261125,1,20261126,1,20261127,1,20261130,1,20261201,1,20261202,1,20261203,1,20261204,1,20261207,1,20261208,1,20261209,1,20261210,1,20261211,1,20261214,1,20261215,1,20261216,1,20261217,1,20261218,1,20261221,1,20261222,1,20261223,1,20261228,1,20261229,1,20261230,1
'1497570',20261010,1,20261017,1,20261024,1,20261031,1,20261107,1,20261114,1,20261121,1,20261128,1,20261205,1,20261212,1,20261219,1
'1497571',20261010,1,20261017,1,20261024,1,20261031,1,20261107,1,20261114,1,20261121,1,20261128,1,20261205,1,20261212,1,20261219,1
'1497572',20261010,1,20261017,1,20261024,1,20261031,1,20261107,1,20261114,1,20261121,1,20261128,1,20261205,1,20261212,1,20261219,1
'1497573',20261008,1,20261009,1,20261013,1,20261014,1,20261015,1,20261016,1,20261019,1,20261020,1,20261021,1,20261022,1,20261023,1,20261026,1,20261027,1,20261028,1,20261029,1,20261030,1,20261102,1,20261103,1,20261104,1,20261105,1,20261106,1,20261109,1,20261110,1,20261111,1,20261112,1,20261113,1,20261116,1,20261117,1,20261118,1,20261119,1,20261120,1,20261123,1,20261124,1,20261125,1,20261126,1,20261127,1,20261130,1,20261201,1,20261202,1,20261203,1,20261204,1,20261207,1,20261208,1,20261209,1,20261210,1,20261211,1,20261214,1,20261215,1,20261216,1,20261217,1,20261218,1,20261221,1,20261222,1,20261223,1,20261228,1,20261229,1,20261230,1
'1497574',20261008,1,20261009,1,20261013,1,20261014,1,20261015,1,20261016,1,20261019,1,20261020,1,20261021,1,20261022,1,20261023,1,20261026,1,20261027,1,20261028,1,20261029,1,20261030,1,20261102,1,20261103,1,20261104,1,20261105,1,20261106,1,20261109,1,20261110,1,20261111,1,20261112,1,20261113,1,20261116,1,20261117,1,20261118,1,20261119,1,20261120,1,20261123,1,20261124,1,20261125,1,20261126,1,20261127,1,20261130,1,20261201,1,20261202,1,20261203,1,20261204,1,20261207,1,20261208,1,20261209,1,20261210,1,20261211,1,20261214,1,20261215,1,20261216,1,20261217,1,20261218,1,20261221,1,20261222,1,20261223,1,20261228,1,20261229,1,20261230,1
'1497575',20261008,1,20261009,1,20261013,1,20261014,1,20261015,1,20261016,1,20261019,1,20261020,1,20261021,1,20261022,1,20261023,1,20261026,1,20261027,1,20261028,1,20261029,1,20261030,1,20261102,1,20261103,1,20261104,1,20261105,1,20261106,1,20261109,1,20261110,1,20261111,1,20261112,1,20261113,1,20261116,1,20261117,1,20261118,1,20261119,1,20261120,1,20261123,1,20261124,1,20261125,1,20261126,1,20261127,1,20261130,1,20261201,1,20261202,1,20261203,1,20261204,1,20261207,1,20261208,1,20261209,1,20261210,1,20261211,1,20261214,1,20261215,1,20261216,1,20261217,1,20261218,1,20261221,1,20261222,1,20261223,1,20261228,1,20261229,1,20261230,1
'1497576',20261008,1,20261009,1,20261013,1,20261014,1,20261015,1,20261016,1,20261019,1,20261020,1,20261021,1,20261022,1,20261023,1,20261026,1,20261027,1,20261028,1,20261029,1,20261030,1,20261102,1,20261103,1,20261104,1,20261105,1,20261106,1,20261109,1,20261110,1,20261111,1,20261112,1,20261113,1,20261116,1,20261117,1,20261118,1,20261119,1,20261120,1,20261123,1,20261124,1,20261125,1,20261126,1,20261127,1,20261130,1,20261201,1,20261202,1,20261203,1,20261204,1,20261207,1,20261208,1,20261209,1,20261210,1,20261211,1,20261214,1,20261215,1,20261216,1,20261217,1,20261218,1,20261221,1,20261222,1,20261223,1,20261228,1,20261229,1,20261230,1
'1497577',20261008,1,20261009,1,20261013,1,20261014,1,20261015,1,20261016,1,20261019,1,20261020,1,20261021,1,20261022,1,20261023,1,20261026,1,20261027,1,20261028,1,20261029,1,20261030,1,20261102,1,20261103,1,20261104,1,20261105,1,20261106,1,20261109,1,20261110,1,20261111,1,20261112,1,20261113,1,20261116,1,20261117,1,20261118,1,20261119,1,20261120,1,20261123,1,20261124,1,20261125,1,20261126,1,20261127,1,20261130,1,20261201,1,20261202,1,20261203,1,20261204,1,20261207,1,20261208,1,20261209,1,20261210,1,20261211,1,20261214,1,20261215,1,20261216,1,20261217,1,20261218,1,20261221,1,20261222,1,20261223,1,20261228,1,20261229,1,20261230,1
'1497578',20261010,1,20261017,1,20261024,1,20261031,1,20261107,1,20261114,1,20261121,1,20261128,1,20261205,1,20261212,1,20261219,1
'1497579',20261010,1,20261017,1,20261024,1,20261031,1,20261107,1,20261114,1,20261121,1,20261128,1,20261205,1,20261212,1,20261219,1
'1497580',20261010,1,20261017,1,20261024,1,20261031,1,20261107,1,20261114,1,20261121,1,20261128,1,20261205,1,20261212,1,20261219,1
'1497581',20261010,1,20261017,1,20261024,1,20261031,1,20261107,1,20261114,1,20261121,1,20261128,1,20261205,1,20261212,1,20261219,1
'1497582',20261010,1,20261017,1,20261024,1,20261031,1,20261107,1,20261114,1,20261121,1,20261128,1,20261205,1,20261212,1,20261219,1
'1497583',20261008,1,20261009,1,20261013,1,20261014,1,20261015,1,20261016,1,20261019,1,20261020,1,20261021,1,20261022,1,20261023,1,20261026,1,20261027,1,20261028,1,20261029,1,20261030,1,20261102,1,20261103,1,20261104,1,20261105,1,20261106,1,20261109,1,20261110,1,20261111,1,20261112,1,20261113,1,20261116,1,20261117,1,20261118,1,20261119,1,20261120,1,20261123,1,20261124,1,20261125,1,20261126,1,20261127,1,20261130,1,20261201,1,20261202,1,20261203,1,20261204,1,20261207,1,20261208,1,20261209,1,20261210,1,20261211,1,20261214,1,20261215,1,20261216,1,20261217,1,20261218,1,20261221,1,20261222,1,20261223,1,20261228,1,20261229,1,20261230,1
'1497584',20261010,1,20261017,1,20261024,1,20261031,1,20261107,1,20261114,1,20261121,1,20261128,1,20261205,1,20261212,1,20261219,1
'1497585',20261010,1,20261017,1,20261024,1,20261031,1,20261107,1,20261114,1,20261121,1,20261128,1,20261205,1,20261212,1,20261219,1
'1497586',20261008,1,20261009,1,20261013,1,20261014,1,20261015,1,20261016,1,20261019,1,20261020,1,20261021,1,20261022,1,20261023,1,20261026,1,20261027,1,20261028,1,20261029,1,20261030,1,20261102,1,20261103,1,20261104,1,20261105,1,20261106,1,20261109,1,20261110,1,20261111,1,20261112,1,20261113,1,20261116,1,20261117,1,20261118,1,20261119,1,20261120,1,20261123,1,20261124,1,20261125,1,20261126,1,20261127,1,20261130,1,20261201,1,20261202,1,20261203,1,20261204,1,20261207,1,20261208,1,20261209,1,20261210,1,20261211,1,20261214,1,20261215,1,20261216,1,20261217,1,20261218,1,20261221,1,20261222,1,20261223,1,20261228,1,20261229,1,20261230,1
'1497587',20261010,1,20261017,1,20261024,1,20261031,1,20261107,1,20261114,1,20261121,1,20261128,1,20261205,1,20261212,1,20261219,1
'1497588',20261008,1,20261009,1,20261013,1,20261014,1,20261015,1,20261016,1,20261019,1,20261020,1,20261021,1,20261022,1,20261023,1,20261026,1,20261027,1,20261028,1,20261029,1,20261030,1,20261102,1,20261103,1,20261104,1,20261105,1,20261106,1,20261109,1,20261110,1,20261111,1,20261112,1,20261113,1,20261116,1,20261117,1,20261118,1,20261119,1,20261120,1,20261123,1,20261124,1,20261125,1,20261126,1,20261127,1,20261130,1,20261201,1,20261202,1,20261203,1,20261204,1,20261207,1,20261208,1,20261209,1,20261210,1,20261211,1,20261214,1,20261215,1,20261216,1,20261217,1,20261218,1,20261221,1,20261222,1,20261223,1,20261228,1,20261229,1,20261230,1
'1497589',20261010,1,20261017,1,20261024,1,20261031,1,20261107,1,20261114,1,20261121,1,20261128,1,20261205,1,20261212,1,20261219,1
'1497590',20261008,1,20261009,1,20261013,1,20261014,1,20261015,1,20261016,1,20261019,1,20261020,1,20261021,1,20261022,1,20261023,1,20261026,1,20261027,1,20261028,1,20261029,1,20261030,1,20261102,1,20261103,1,20261104,1,20261105,1,20261106,1,20261109,1,20261110,1,20261111,1,20261112,1,20261113,1,20261116,1,20261117,1,20261118,1,20261119,1,20261120,1,20261123,1,20261124,1,20261125,1,20261126,1,20261127,1,20261130,1,20261201,1,20261202,1,20261203,1,20261204,1,20261207,1,20261208,1,20261209,1,20261210,1,20261211,1,20261214,1,20261215,1,20261216,1,20261217,1,20261218,1,20261221,1,20261222,1,20261223,1,20261228,1,20261229,1,20261230,1
'1497591',20261008,1,20261009,1,20261013,1,20261014,1,20261015,1,20261016,1,20261019,1,20261020,1,20261021,1,20261022,1,20261023,1,20261026,1,20261027,1,20261028,1,20261029,1,20261030,1,20261102,1,20261103,1,20261104,1,20261105,1,20261106,1,20261109,1,20261110,1,20261111,1,20261112,1,20261113,1,20261116,1,20261117,1,20261118,1,20261119,1,20261120,1,20261123,1,20261124,1,20261125,1,20261126,1,20261127,1,20261130,1,20261201,1,20261202,1,20261203,1,20261204,1,20261207,1,20261208,1,20261209,1,20261210,1,20261211,1,20261214,1,20261215,1,20261216,1,20261217,1,20261218,1,20261221,1,20261222,1,20261223,1,20261228,1,20261229,1,20261230,1
'1497592',20261008,1,20261009,1,20261013,1,20261014,1,20261015,1,20261016,1,20261019,1,20261020,1,20261021,1,20261022,1,20261023,1,20261026,1,20261027,1,20261028,1,20261029,1,20261030,1,20261102,1,20261103,1,20261104,1,20261105,1,20261106,1,20261109,1,20261110,1,20261111,1,20261112,1,20261113,1,20261116,1,20261117,1,20261118,1,20261119,1,20261120,1,20261123,1,20261124,1,20261125,1,20261126,1,20261127,1,20261130,1,20261201,1,20261202,1,20261203,1,20261204,1,20261207,1,20261208,1,20261209,1,20261210,1,20261211,1,20261214,1,20261215,1,20261216,1,20261217,1,20261218,1,20261221,1,20261222,1,20261223,1,20261228,1,20261229,1,20261230,1
'1497593',20261010,1,20261017,1,20261024,1,20261031,1,20261107,1,20261114,1,20261121,1,20261128,1,20261205,1,20261212,1,20261219,1
'1497594',20261010,1,20261017,1,20261024,1,20261031,1,20261107,1,20261114,1,20261121,1,20261128,1,20261205,1,20261212,1,20261219,1
'1497595',20261008,1,20261009,1,20261013,1,20261014,1,20261015,1,20261016,1,20261019,1,20261020,1,20261021,1,20261022,1,20261023,1,20261026,1,20261027,1,20261028,1,20261029,1,20261030,1,20261102,1,20261103,1,20261104,1,20261105,1,20261106,1,20261109,1,20261110,1,20261111,1,20261112,1,20261113,1,20261116,1,20261117,1,20261118,1,20261119,1,20261120,1,20261123,1,20261124,1,20261125,1,20261126,1,20261127,1,20261130,1,20261201,1,20261202,1,20261203,1,20261204,1,20261207,1,20261208,1,20261209,1,20261210,1,20261211,1,20261214,1,20261215,1,20261216,1,20261217,1,20261218,1,20261221,1,20261222,1,20261223,1,20261228,1,20261229,1,20261230,1
'1497596',20261008,1,20261009,1,20261013,1,20261014,1,20261015,1,20261016,1,20261019,1,20261020,1,20261021,1,20261022,1,20261023,1,20261026,1,20261027,1,20261028,1,20261029,1,20261030,1,20261102,1,20261103,1,20261104,1,20261105,1,20261106,1,20261109,1,20261110,1,20261111,1,20261112,1,20261113,1,20261116,1,20261117,1,20261118,1,20261119,1,20261120,1,20261123,1,20261124,1,20261125,1,20261126,1,20261127,1,20261130,1,20261201,1,20261202,1,20261203,1,20261204,1,20261207,1,20261208,1,20261209,1,20261210,1,20261211,1,20261214,1,20261215,1,20261216,1,20261217,1,20261218,1,20261221,1,20261222,1,20261223,1,20261228,1,20261229,1,20261230,1
'1497597',20261010,1,20261017,1,20261024,1,20261031,1,20261107,1,20261114,1,20261121,1,20261128,1,20261205,1,20261212,1,20261219,1
'1497598',20261008,1,20261009,1,20261013,1,20261014,1,20261015,1,20261016,1,20261019,1,20261020,1,20261021,1,20261022,1,20261023,1,20261026,1,20261027,1,20261028,1,20261029,1,20261030,1,20261102,1,20261103,1,20261104,1,20261105,1,20261106,1,20261109,1,20261110,1,20261111,1,20261112,1,20261113,1,20261116,1,20261117,1,20261118,1,20261119,1,20261120,1,20261123,1,20261124,1,20261125,1,20261126,1,20261127,1,20261130,1,20261201,1,20261202,1,20261203,1,20261204,1,20261207,1,20261208,1,20261209,1,20261210,1,20261211,1,20261214,1,20261215,1,20261216,1,20261217,1,20261218,1,20261221,1,20261222,1,20261223,1,20261228,1,20261229,1,20261230,1
'1497599',20261010,1,20261017,1,20261024,1,20261031,1,20261107,1,20261114,1,20261121,1,20261128,1,20261205,1,20261212,1,20261219,1
'1497600',20261008,1,20261009,1,20261013,1,20261014,1,20261015,1,20261016,1,20261019,1,20261020,1,20261021,1,20261022,1,20261023,1,20261026,1,20261027,1,20261028,1,20261029,1,20261030,1,20261102,1,20261103,1,20261104,1,20261105,1,20261106,1,20261109,1,20261110,1,20261111,1,20261112,1,20261113,1,20261116,1,20261117,1,20261118,1,20261119,1,20261120,1,20261123,1,20261124,1,20261125,1,20261126,1,20261127,1,20261130,1,20261201,1,20261202,1,20261203,1,20261204,1,20261207,1,20261208,1,20261209,1,20261210,1,20261211,1,20261214,1,20261215,1,20261216,1,20261217,1,20261218,1,20261221,1,20261222,1,20261223,1,20261228,1,20261229,1,20261230,1
'1497601',20261010,1,20261017,1,20261024,1,20261031,1,20261107,1,20261114,1,20261121,1,20261128,1,20261205,1,20261212,1,20261219,1
'1497602',20261008,1,20261009,1,20261013,1,20261014,1,20261015,1,20261016,1,20261019,1,20261020,1,20261021,1,20261022,1,20261023,1,20261026,1,20261027,1,20261028,1,20261029,1,20261030,1,20261102,1,20261103,1,20261104,1,20261105,1,20261106,1,20261109,1,20261110,1,20261111,1,20261112,1,20261113,1,20261116,1,20261117,1,20261118,1,20261119,1,20261120,1,20261123,1,20261124,1,20261125,1,20261126,1,20261127,1,20261130,1,20261201,1,20261202,1,20261203,1,20261204,1,20261207,1,20261208,1,20261209,1,20261210,1,20261211,1,20261214,1,20261215,1,20261216,1,20261217,1,20261218,1,20261221,1,20261222,1,20261223,1,20261228,1,20261229,1,20261230,1
'1497603',20261010,1,20261017,1,20261024,1,20261031,1,20261107,1,20261114,1,20261121,1,20261128,1,20261205,1,20261212,1,20261219,1
'1497604',20261008,1,20261009,1,20261013,1,20261014,1,20261015,1,20261016,1,20261019,1,20261020,1,20261021,1,20261022,1,20261023,1,20261026,1,20261027,1,20261028,1,20261029,1,20261030,1,20261102,1,20261103,1,20261104,1,20261105,1,20261106,1,20261109,1,20261110,1,20261111,1,20261112,1,20261113,1,20261116,1,20261117,1,20261118,1,20261119,1,20261120,1,20261123,1,20261124,1,20261125,1,20261126,1,20261127,1,20261130,1,20261201,1,20261202,1,20261203,1,20261204,1,20261207,1,20261208,1,20261209,1,20261210,1,20261211,1,20261214,1,20261215,1,20261216,1,20261217,1,20261218,1,20261221,1,20261222,1,20261223,1,20261228,1,20261229,1,20261230,1
'1497605',20261008,1,20261009,1,20261013,1,20261014,1,20261015,1,20261016,1,20261019,1,20261020,1,20261021,1,20261022,1,20261023,1,20261026,1,20261027,1,20261028,1,20261029,1,20261030,1,20261102,1,20261103,1,20261104,1,20261105,1,20261106,1,20261109,1,20261110,1,20261111,1,20261112,1,20261113,1,20261116,1,20261117,1,20261118,1,20261119,1,20261120,1,20261123,1,20261124,1,20261125,1,20261126,1,20261127,1,20261130,1,20261201,1,20261202,1,20261203,1,20261204,1,20261207,1,20261208,1,20261209,1,20261210,1,20261211,1,20261214,1,20261215,1,20261216,1,20261217,1,20261218,1,20261221,1,20261222,1,20261223,1,20261228,1,20261229,1,20261230,1
'1497606',20261008,1,20261009,1,20261013,1,20261014,1,20261015,1,20261016,1,20261019,1,20261020,1,20261021,1,20261022,1,20261023,1,20261026,1,20261027,1,20261028,1,20261029,1,20261030,1,20261102,1,20261103,1,20261104,1,20261105,1,20261106,1,20261109,1,20261110,1,20261111,1,20261112,1,20261113,1,20261116,1,20261117,1,20261118,1,20261119,1,20261120,1,20261123,1,20261124,1,20261125,1,20261126,1,20261127,1,20261130,1,20261201,1,20261202,1,20261203,1,20261204,1,20261207,1,20261208,1,20261209,1,20261210,1,20261211,1,20261214,1,20261215,1,20261216,1,20261217,1,20261218,1,20261221,1,20261222,1,20261223,1,20261228,1,20261229,1,20261230,1
'1497607',20261010,1,20261017,1,20261024,1,20261031,1,20261107,1,20261114,1,20261121,1,20261128,1,20261205,1,20261212,1,20261219,1
'1497608',20261008,1,20261009,1,20261013,1,20261014,1,20261015,1,20261016,1,20261019,1,20261020,1,20261021,1,20261022,1,20261023,1,20261026,1,20261027,1,20261028,1,20261029,1,20261030,1,20261102,1,20261103,1,20261104,1,20261105,1,20261106,1,20261109,1,20261110,1,20261111,1,20261112,1,20261113,1,20261116,1,20261117,1,20261118,1,20261119,1,20261120,1,20261123,1,20261124,1,20261125,1,20261126,1,20261127,1,20261130,1,20261201,1,20261202,1,20261203,1,20261204,1,20261207,1,20261208,1,20261209,1,20261210,1,20261211,1,20261214,1,20261215,1,20261216,1,20261217,1,20261218,1,20261221,1,20261222,1,20261223,1,20261228,1,20261229,1,20261230,1
'1497609',20261008,1,20261009,1,20261013,1,20261014,1,20261015,1,20261016,1,20261019,1,20261020,1,20261021,1,20261022,1,20261023,1,20261026,1,20261027,1,20261028,1,20261029,1,20261030,1,20261102,1,20261103,1,20261104,1,20261105,1,20261106,1,20261109,1,20261110,1,20261111,1,20261112,1,20261113,1,20261116,1,20261117,1,20261118,1,20261119,1,20261120,1,20261123,1,20261124,1,20261125,1,20261126,1,20261127,1,20261130,1,20261201,1,20261202,1,20261203,1,20261204,1,20261207,1,20261208,1,20261209,1,20261210,1,20261211,1,20261214,1,20261215,1,20261216,1,20261217,1,20261218,1,20261221,1,20261222,1,20261223,1,20261228,1,20261229,1,20261230,1
