15000019,'1497501',1652,,223,32,,,0
15000019,'1497502',1137,,224,32,,,0
15000019,'1497503',1052,,225,32,,,0
15000019,'1497504',1307,,226,32,,,0
15000019,'1497505',1007,,227,32,,,0
15000019,'1497506',1522,,228,32,,,0
15000019,'1497507',1737,,229,32,,,0
15000019,'1497508',1437,,230,32,,,0
15000019,'1497509',1222,,231,32,,,0
15000019,'1497510',1822,,232,32,,,0
15000019,'1497511',922,,233,32,,,0
15000019,'1497512',707,,234,32,,,0
15000019,'1497513',837,,235,32,,,0
15000019,'1497514',1352,,236,32,,,0
15000019,'1497515',1607,,237,32,,,0
15000019,'1497516',752,,238,32,,,0
15000019,'1497517',1051,,239,32,,,0
15000019,'1497518',1351,,240,32,,,0
15000019,'1497519',706,,241,32,,,0
15000019,'1497520',1521,,242,32,,,0
15000019,'1497521',2206,,243,32,,,0
15000019,'1497522',1951,,244,32,,,0
15000019,'1497523',2121,,245,32,,,0
15000019,'1497524',2336,,246,32,,,0
15000019,'1497525',836,,247,32,,,0
15000019,'1497526',1906,,248,32,,,0
15000019,'1497527',751,,249,32,,,0
15000019,'1497528',2251,,250,32,,,0
15000019,'1497529',1006,,251,32,,,0
15000019,'1497530',1436,,252,32,,,0
15000019,'1497531',1651,,253,32,,,0
15000019,'1497532',1606,,254,32,,,0
15000019,'1497533',1821,,255,32,,,0
15000019,'1497534',1736,,256,32,,,0
15000019,'1497535',921,,257,32,,,0
15000019,'1497536',2036,,258,32,,,0
15000019,'1497537',1136,,259,32,,,0
15000019,'1497538',1221,,260,32,,,0
15000019,'1497539',1306,,261,32,,,0
15000019,'1497540',1220,,262,32,,,0
15000019,'1497544',1435,,263,32,,,0
15000019,'1497545',1735,,264,32,,,0
15000019,'1497548',1305,,265,32,,,0
15000019,'1497555',2035,,266,32,,,0
15000019,'1497556',1308,,267,32,,,0
15000019,'1497557',1053,,268,32,,,0
15000019,'1497559',838,,269,32,,,0
15000019,'1497560',1950,,270,32,,,0
15000019,'1497561',1738,,271,32,,,0
15000019,'1497562',705,,272,32,,,0
15000019,'1497563',1223,,273,32,,,0
15000019,'1497564',1523,,274,32,,,0
15000019,'1497566',1353,,275,32,,,0
15000019,'1497569',1905,,276,32,,,0
15000019,'1497573',750,,277,32,,,0
15000019,'1497575',1520,,278,32,,,0
15000019,'1497581',1823,,279,32,,,0
15000019,'1497582',923,,280,32,,,0
15000019,'1497585',1438,,281,32,,,0
15000019,'1497587',753,,282,32,,,0
15000019,'1497588',1135,,283,32,,,0
15000019,'1497589',1608,,284,32,,,0
15000019,'1497590',920,,285,32,,,0
15000019,'1497596',1605,,286,32,,,0
15000019,'1497598',835,,287,32,,,0
15000019,'1497599',1908,,288,32,,,0
15000019,'1497600',1350,,289,32,,,0
15000019,'1497601',1138,,290,32,,,0
15000019,'1497602',1005,,291,32,,,0
15000019,'1497603',1008,,292,32,,,0
15000019,'1497604',1050,,293,32,,,0
15000019,'1497605',1820,,294,32,,,0
15000019,'1497606',1650,,295,32,,,0
15000019,'1497607',1653,,296,32,,,0
