2000019,'1497450',1035,,149,22,,,0
2000019,'1497451',950,,150,22,,,0
2000019,'1497452',655,,151,22,,,0
2000019,'1497453',1550,,152,22,,,0
2000019,'1497454',1635,,153,22,,,0
2000019,'1497455',1120,,154,22,,,0
2000019,'1497456',735,,155,22,,,0
2000019,'1497457',905,,156,22,,,0
2000019,'1497458',1720,,157,22,,,0
2000019,'1497459',1205,,158,22,,,0
2000019,'1497460',1505,,159,22,,,0
2000019,'1497461',1335,,160,22,,,0
2000019,'1497462',1420,,161,22,,,0
2000019,'1497463',1805,,162,22,,,0
2000019,'1497464',820,,163,22,,,0
2000019,'1497465',1250,,164,22,,,0
2000019,'1497466',1120,,165,22,,,0
2000019,'1497467',2155,,166,22,,,0
2000019,'1497468',1420,,167,22,,,0
2000019,'1497469',1250,,168,22,,,0
2000019,'1497470',905,,169,22,,,0
2000019,'1497471',1720,,170,22,,,0
2000019,'1497472',2325,,171,22,,,0
2000019,'1497473',1335,,172,22,,,0
2000019,'1497474',1505,,173,22,,,0
2000019,'1497475',950,,174,22,,,0
2000019,'1497476',735,,175,22,,,0
2000019,'1497477',1848,,176,22,,,0
2000019,'1497478',1205,,177,22,,,0
2000019,'1497479',1635,,178,22,,,0
2000019,'1497480',1035,,179,22,,,0
2000019,'1497481',1550,,180,22,,,0
2000019,'1497482',2020,,181,22,,,0
2000019,'1497483',2240,,182,22,,,0
2000019,'1497484',655,,183,22,,,0
2000019,'1497485',1805,,184,22,,,0
2000019,'1497486',1933,,185,22,,,0
2000019,'1497487',2110,,186,22,,,0
2000019,'1497488',820,,187,22,,,0
2000019,'1497541',1339,,188,22,,,0
2000019,'1497542',737,,189,22,,,0
2000019,'1497543',907,,190,22,,,0
2000019,'1497546',1552,,191,22,,,0
2000019,'1497547',952,,192,22,,,0
2000019,'1497549',1207,,193,22,,,0
2000019,'1497550',652,,194,22,,,0
2000019,'1497551',1809,,195,22,,,0
2000019,'1497552',1424,,196,22,,,0
2000019,'1497553',824,,197,22,,,0
2000019,'1497554',1254,,198,22,,,0
2000019,'1497558',1209,,199,22,,,0
2000019,'1497565',1807,,200,22,,,0
2000019,'1497567',1637,,201,22,,,0
2000019,'1497568',1852,,202,22,,,0
2000019,'1497570',1509,,203,22,,,0
2000019,'1497571',1854,,204,22,,,0
2000019,'1497572',739,,205,22,,,0
2000019,'1497574',1937,,206,22,,,0
2000019,'1497576',1507,,207,22,,,0
2000019,'1497577',1252,,208,22,,,0
2000019,'1497578',1039,,209,22,,,0
2000019,'1497579',1554,,210,22,,,0
2000019,'1497580',909,,211,22,,,0
2000019,'1497583',1422,,212,22,,,0
2000019,'1497584',1124,,213,22,,,0
2000019,'1497586',1122,,214,22,,,0
2000019,'1497591',2022,,215,22,,,0
2000019,'1497592',1337,,216,22,,,0
2000019,'1497593',1724,,217,22,,,0
2000019,'1497594',1639,,218,22,,,0
2000019,'1497595',1037,,219,22,,,0
2000019,'1497597',954,,220,22,,,0
2000019,'1497608',1722,,221,22,,,0
2000019,'1497609',822,,222,22,,,0
