15000019,'1497501',1639,,223,23,,,0
15000019,'1497502',1124,,224,23,,,0
15000019,'1497503',1039,,225,23,,,0
15000019,'1497504',1254,,226,23,,,0
15000019,'1497505',954,,227,23,,,0
15000019,'1497506',1509,,228,23,,,0
15000019,'1497507',1724,,229,23,,,0
15000019,'1497508',1424,,230,23,,,0
15000019,'1497509',1209,,231,23,,,0
15000019,'1497510',1809,,232,23,,,0
15000019,'1497511',909,,233,23,,,0
15000019,'1497512',654,,234,23,,,0
15000019,'1497513',824,,235,23,,,0
15000019,'1497514',1339,,236,23,,,0
15000019,'1497515',1554,,237,23,,,0
15000019,'1497516',739,,238,23,,,0
15000019,'1497517',1039,,239,23,,,0
15000019,'1497518',1339,,240,23,,,0
15000019,'1497519',654,,241,23,,,0
15000019,'1497520',1509,,242,23,,,0
15000019,'1497521',2154,,243,23,,,0
15000019,'1497522',1939,,244,23,,,0
15000019,'1497523',2109,,245,23,,,0
15000019,'1497524',2324,,246,23,,,0
15000019,'1497525',824,,247,23,,,0
15000019,'1497526',1854,,248,23,,,0
15000019,'1497527',739,,249,23,,,0
15000019,'1497528',2239,,250,23,,,0
15000019,'1497529',954,,251,23,,,0
15000019,'1497530',1424,,252,23,,,0
15000019,'1497531',1639,,253,23,,,0
15000019,'1497532',1554,,254,23,,,0
15000019,'1497533',1809,,255,23,,,0
15000019,'1497534',1724,,256,23,,,0
15000019,'1497535',909,,257,23,,,0
15000019,'1497536',2024,,258,23,,,0
15000019,'1497537',1124,,259,23,,,0
15000019,'1497538',1209,,260,23,,,0
15000019,'1497539',1254,,261,23,,,0
15000019,'1497540',1210,,262,23,,,0
15000019,'1497544',1425,,263,23,,,0
15000019,'1497545',1725,,264,23,,,0
15000019,'1497548',1255,,265,23,,,0
15000019,'1497555',2025,,266,23,,,0
15000019,'1497556',1255,,267,23,,,0
15000019,'1497557',1040,,268,23,,,0
15000019,'1497559',825,,269,23,,,0
15000019,'1497560',1940,,270,23,,,0
15000019,'1497561',1725,,271,23,,,0
15000019,'1497562',655,,272,23,,,0
15000019,'1497563',1210,,273,23,,,0
15000019,'1497564',1510,,274,23,,,0
15000019,'1497566',1340,,275,23,,,0
15000019,'1497569',1855,,276,23,,,0
15000019,'1497573',740,,277,23,,,0
15000019,'1497575',1510,,278,23,,,0
15000019,'1497581',1810,,279,23,,,0
15000019,'1497582',910,,280,23,,,0
15000019,'1497585',1425,,281,23,,,0
15000019,'1497587',740,,282,23,,,0
15000019,'1497588',1125,,283,23,,,0
15000019,'1497589',1555,,284,23,,,0
15000019,'1497590',910,,285,23,,,0
15000019,'1497596',1555,,286,23,,,0
15000019,'1497598',825,,287,23,,,0
15000019,'1497599',1855,,288,23,,,0
15000019,'1497600',1340,,289,23,,,0
15000019,'1497601',1125,,290,23,,,0
15000019,'1497602',955,,291,23,,,0
15000019,'1497603',955,,292,23,,,0
15000019,'1497604',1040,,293,23,,,0
15000019,'1497605',1810,,294,23,,,0
15000019,'1497606',1640,,295,23,,,0
15000019,'1497607',1640,,296,23,,,0
