15000019,'1497501',1635,,223,22,,,0
15000019,'1497502',1120,,224,22,,,0
15000019,'1497503',1035,,225,22,,,0
15000019,'1497504',1250,,226,22,,,0
15000019,'1497505',950,,227,22,,,0
15000019,'1497506',1505,,228,22,,,0
15000019,'1497507',1720,,229,22,,,0
15000019,'1497508',1420,,230,22,,,0
15000019,'1497509',1205,,231,22,,,0
15000019,'1497510',1805,,232,22,,,0
15000019,'1497511',905,,233,22,,,0
15000019,'1497512',650,,234,22,,,0
15000019,'1497513',820,,235,22,,,0
15000019,'1497514',1335,,236,22,,,0
15000019,'1497515',1550,,237,22,,,0
15000019,'1497516',735,,238,22,,,0
15000019,'1497517',1034,,239,22,,,0
15000019,'1497518',1334,,240,22,,,0
15000019,'1497519',649,,241,22,,,0
15000019,'1497520',1504,,242,22,,,0
15000019,'1497521',2149,,243,22,,,0
15000019,'1497522',1934,,244,22,,,0
15000019,'1497523',2104,,245,22,,,0
15000019,'1497524',2319,,246,22,,,0
15000019,'1497525',819,,247,22,,,0
15000019,'1497526',1849,,248,22,,,0
15000019,'1497527',734,,249,22,,,0
15000019,'1497528',2234,,250,22,,,0
15000019,'1497529',949,,251,22,,,0
15000019,'1497530',1419,,252,22,,,0
15000019,'1497531',1634,,253,22,,,0
15000019,'1497532',1549,,254,22,,,0
15000019,'1497533',1804,,255,22,,,0
15000019,'1497534',1719,,256,22,,,0
15000019,'1497535',904,,257,22,,,0
15000019,'1497536',2019,,258,22,,,0
15000019,'1497537',1119,,259,22,,,0
15000019,'1497538',1204,,260,22,,,0
15000019,'1497539',1249,,261,22,,,0
15000019,'1497540',1206,,262,22,,,0
15000019,'1497544',1421,,263,22,,,0
15000019,'1497545',1721,,264,22,,,0
15000019,'1497548',1251,,265,22,,,0
15000019,'1497555',2021,,266,22,,,0
15000019,'1497556',1251,,267,22,,,0
15000019,'1497557',1036,,268,22,,,0
15000019,'1497559',821,,269,22,,,0
15000019,'1497560',1936,,270,22,,,0
15000019,'1497561',1721,,271,22,,,0
15000019,'1497562',651,,272,22,,,0
15000019,'1497563',1206,,273,22,,,0
15000019,'1497564',1506,,274,22,,,0
15000019,'1497566',1336,,275,22,,,0
15000019,'1497569',1851,,276,22,,,0
15000019,'1497573',736,,277,22,,,0
15000019,'1497575',1506,,278,22,,,0
15000019,'1497581',1806,,279,22,,,0
15000019,'1497582',906,,280,22,,,0
15000019,'1497585',1421,,281,22,,,0
15000019,'1497587',736,,282,22,,,0
15000019,'1497588',1121,,283,22,,,0
15000019,'1497589',1551,,284,22,,,0
15000019,'1497590',906,,285,22,,,0
15000019,'1497596',1551,,286,22,,,0
15000019,'1497598',821,,287,22,,,0
15000019,'1497599',1851,,288,22,,,0
15000019,'1497600',1336,,289,22,,,0
15000019,'1497601',1121,,290,22,,,0
15000019,'1497602',951,,291,22,,,0
15000019,'1497603',951,,292,22,,,0
15000019,'1497604',1036,,293,22,,,0
15000019,'1497605',1806,,294,22,,,0
15000019,'1497606',1636,,295,22,,,0
15000019,'1497607',1636,,296,22,,,0
